     0/299     9.12G      8.17       542      5.32       555         0       403       453        64         0         0  1.62e-05         0      9.81       160      2.96
     1/299     9.12G      7.92       175      3.32       186         0       181       487        64  0.000207   0.00059   4.2e-05  0.000306      9.17       123      3.53
     2/299     9.12G      7.68      77.5      3.32      88.5         0      69.6       464        64  0.000364   0.00059  0.000281   0.00045      7.86      99.8      4.54
     3/299     9.12G      7.67      43.3      2.46      53.5         0        52       461        64         0         0  0.000284         0      8.21      55.4      4.18
     4/299     9.12G      6.73      39.8      2.32      48.9         0      50.9       435        64    0.0013   0.00187  0.000344   0.00153      7.99      48.4      3.29
     5/299     9.12G      6.54      38.4       2.1      47.1         0      46.1       438        64   0.00124   0.00187  0.000275   0.00149      8.78      44.8      2.71
     6/299     9.12G      7.04      37.6      2.04      46.7         0      46.4       508        64   0.00194     0.005   0.00038    0.0028       8.8      44.6      2.29
     7/299     9.12G      5.62      39.9      1.93      47.5         0      47.7       480        64   0.00156     0.005  0.000377   0.00238      11.1      66.9      2.09
     8/299     9.12G      6.83      42.2      1.86      50.9         0      48.5       478        64   0.00104   0.00375  0.000163   0.00163      7.36      65.2      1.98
     9/299     9.12G      5.28      40.7      1.81      47.8         0      45.2       458        64   0.00101   0.00375  0.000332    0.0016      8.44      53.5      2.71
    10/299     9.12G      6.64      38.7      1.88      47.2         0      39.6       457        64   0.00478   0.00868  0.000486   0.00539       8.7      39.2      1.79
    11/299     9.12G      6.91      37.7      2.07      46.6         0      46.5       431        64    0.0109   0.00927   0.00191   0.00693      8.76      40.4      1.87
    12/299     9.12G      7.38      44.9      1.68        54         0      46.3       453        64   0.00398   0.00996  0.000641   0.00546      8.48      41.9      1.74
    13/299     9.12G      6.37      38.9      1.69      46.9         0      45.1       465        64   0.00943    0.0198   0.00236     0.012      8.34        40      1.71
    14/299     9.12G       6.8      41.6      2.12      50.5         0      46.1       451        64  0.000354   0.00121  3.19e-06  0.000541      10.2       146      37.2
    15/299     9.12G       5.8      40.9      1.96      48.7         0      43.8       513        64  0.000695   0.00305  3.33e-05   0.00113      11.2      60.6      4.15
    16/299     9.12G      6.48      38.6      2.81      47.9         0      58.5       486        64   0.00162   0.00937  0.000289   0.00276       9.7       111      3.17
    17/299     9.12G      6.22      40.4      1.85      48.4         0      41.8       500        64   0.00534     0.012   0.00106   0.00708      8.96      37.3      4.96
    18/299     9.12G      5.68      36.9      1.76      44.3         0        41       446        64   0.00732    0.0242   0.00136     0.011      8.41      54.7      2.42
    19/299     9.12G      5.23      39.7      2.32      47.2         0      42.1       445        64    0.0201    0.0136   0.00103    0.0113      8.36      46.5      11.9
    20/299     9.12G      5.68      38.2      1.72      45.6         0      45.8       557        64   0.00776    0.0124   0.00092   0.00887      8.43      35.6      6.12
    21/299     9.12G      5.51        36      1.68      43.2         0      39.1       456        64    0.0126    0.0165   0.00214    0.0135      8.16      38.3      2.91
    22/299     9.12G      5.52      37.2      1.68      44.4         0      46.4       439        64     0.018    0.0168   0.00288    0.0148      8.04      43.9      2.02
    23/299     9.12G      7.44      34.5      1.66      43.6         0      43.1       457        64    0.0182    0.0271   0.00274    0.0191         8      34.9      1.78
    24/299     9.12G      4.89      35.6      1.61      42.1         0      49.3       510        64    0.0532    0.0223   0.00485    0.0219      8.18      58.9      1.82
    25/299     9.12G       5.4      39.3      1.57      46.3         0      42.4       410        64    0.0228    0.0196   0.00232    0.0162      7.86      41.8      1.85
    26/299     9.12G      5.81      35.8      1.53      43.2         0      39.7       450        64    0.0217    0.0344   0.00355    0.0228      8.09        32      1.76
    27/299     9.12G      4.33      34.4      1.54      40.3         0        39       487        64    0.0084    0.0155   0.00118    0.0106      8.33      31.7      1.88
    28/299     9.12G      4.83        34      1.52      40.3         0      41.1       466        64    0.0183    0.0259   0.00277     0.019       7.9      33.9      2.05
    29/299     9.12G       7.3      35.1      1.49      43.9         0      47.8       482        64    0.0465    0.0267   0.00555    0.0271      7.82      44.4      1.92
    30/299     9.12G       5.3      34.8      1.44      41.5         0      38.7       508        64    0.0204    0.0205   0.00256    0.0161      7.95        35       1.7
    31/299     9.12G      5.98      33.7      2.53      42.2         0      38.4       514        64   0.00936    0.0159   0.00173    0.0108      8.44      31.9      14.2
    32/299     9.12G       6.3      33.9      2.51      42.7         0      37.7       514        64    0.0165    0.0315   0.00315    0.0205      7.81      31.9      41.7
    33/299     9.12G      5.22      31.7      1.54      38.5         0      35.7       429        64    0.0264    0.0308   0.00432    0.0253      7.85        31      32.6
    34/299     9.12G      6.26      35.4      1.45      43.1         0      38.4       459        64    0.0214      0.04   0.00469    0.0268      7.72      32.1      26.6
    35/299     9.12G      5.72      33.6      2.68        42         0        41       464        64    0.0418     0.029   0.00359    0.0277      7.71      31.7      34.9
    36/299     9.12G       5.3      35.2      1.61      42.1         0      42.5       454        64    0.0177    0.0356    0.0029    0.0223       7.8      38.6      44.7
    37/299     9.12G      7.26      34.1      2.73      44.1         0      50.3       471        64    0.0248     0.046   0.00552    0.0304      7.74      31.8      32.5
    38/299     9.12G      5.74      31.6      1.45      38.8         0      42.6       506        64    0.0184    0.0339   0.00251    0.0233      7.82      33.1      18.4
    39/299     9.12G      6.69      32.9      1.78      41.4         0      34.8       462        64    0.0253    0.0361   0.00455    0.0281      7.89      29.5      16.3
    40/299     9.12G      5.06      33.1      1.45      39.6         0      43.7       491        64    0.0128    0.0184   0.00243    0.0143      7.84      30.5      14.7
    41/299     9.12G      5.79      32.5      1.38      39.7         0        44       465        64     0.102    0.0365    0.0115    0.0423      7.85      43.4        23
    42/299     9.12G      5.14      34.7      1.53      41.4         0      37.9       480        64    0.0201    0.0278   0.00249     0.021      7.77      34.7      13.8
    43/299     9.12G      5.64      32.1      1.42      39.2         0      38.4       498        64    0.0247    0.0359   0.00482    0.0258       7.8      35.4       7.1
    44/299     9.12G      5.61      33.9      1.37      40.9         0      36.5       479        64    0.0186    0.0315   0.00334     0.021      7.96      31.6      4.33
    45/299     9.12G      6.13      31.2      2.02      39.4         0      34.9       414        64     0.021    0.0261   0.00511    0.0208      7.83      29.4      6.01
    46/299     9.12G      5.56      31.1      1.37        38         0      40.6       558        64    0.0102    0.0188   0.00247    0.0128      7.85      30.7      7.52
    47/299     9.12G      6.56      31.4      1.92      39.9         0      34.1       477        64    0.0417    0.0653    0.0117    0.0468      7.72        30      1.38
    48/299     9.12G       5.6        31      1.42        38         0      35.5       449        64    0.0385     0.056   0.00743    0.0429       7.6      29.6      1.38
    49/299     9.12G      5.04      30.4       1.3      36.8         0      36.7       494        64    0.0241    0.0411   0.00488    0.0288      7.47      28.7      1.35
    50/299     9.12G      5.01      30.4      1.26      36.7         0      36.6       472        64    0.0269    0.0372    0.0053    0.0294      7.45      28.6      1.34
    51/299     9.12G      6.55      30.4      3.29      40.3         0      42.9       472        64     0.041    0.0465    0.0109      0.04      7.69      28.9      1.45
    52/299     9.12G      5.98        30      1.84      37.9         0        36       467        64    0.0184    0.0238   0.00278      0.02      7.81      30.8      2.85
    53/299     9.12G      5.47        31      1.54        38         0      38.7       545        64    0.0234    0.0467   0.00409    0.0303      7.54      34.1      2.47
    54/299     9.12G      5.98      31.2       1.8        39         0        36       456        64    0.0302    0.0378   0.00501     0.031      7.52      28.3      2.62
    55/299     9.12G      5.52      29.8      1.54      36.8         0      34.3       449        64    0.0259    0.0343   0.00518    0.0277      7.57      28.2      1.77
    56/299     9.12G      4.96      29.6      1.32      35.9         0      40.2       445        64    0.0297    0.0393   0.00638     0.032      7.51      27.6      2.15
    57/299     9.12G      5.98      29.4      1.43      36.8         0      33.5       419        64    0.0327    0.0379   0.00614    0.0328      7.54      28.8      3.67
    58/299     9.12G      5.44      29.8      1.36      36.6         0        34       447        64    0.0386    0.0481   0.00715    0.0388       7.6      27.7      2.36
    59/299     9.12G      5.36      29.6       1.6      36.6         0      34.6       490        64    0.0253    0.0357   0.00379    0.0275      7.47      27.7      2.63
    60/299     9.12G      4.98      29.1      1.25      35.3         0      35.5       503        64    0.0268    0.0364    0.0038    0.0286      7.45      27.1       2.4
    61/299     9.12G      5.89      29.1      1.28      36.3         0      37.2       443        64    0.0447    0.0343   0.00534    0.0345      7.54      30.7      2.53
    62/299     9.12G      5.43      29.8      1.25      36.5         0      34.4       448        64    0.0376    0.0308   0.00562    0.0312       7.6      28.5      3.43
    63/299     9.12G      4.89      28.9      1.47      35.2         0      35.3       488        64    0.0322    0.0403   0.00484    0.0337      7.42      27.6      2.04
    64/299     9.12G      4.88      29.2      1.66      35.7         0      34.6       488        64     0.022    0.0302   0.00368     0.024      7.39      27.5      1.86
    65/299     9.12G      5.83      28.4      1.58      35.8         0      33.8       464        64    0.0257    0.0376   0.00416    0.0286      7.44      26.9      1.66
    66/299     9.12G      6.35      28.7      1.48      36.5         0      35.8       466        64    0.0268    0.0371   0.00445    0.0295       7.4      26.9      1.88
    67/299     9.12G      5.44      28.6      1.49      35.5         0        34       496        64    0.0329    0.0446   0.00527    0.0356      7.36      27.3      1.73
    68/299     9.12G      5.39      28.2      1.39        35         0      33.3       508        64    0.0285    0.0354   0.00519    0.0298      7.32      26.6      1.88
    69/299     9.12G      5.77      27.7      1.39      34.9         0      31.5       396        64    0.0475    0.0379   0.00726    0.0385      7.34      28.1      1.52
    70/299     9.12G      6.39      28.1      1.26      35.8         0      38.2       488        64    0.0346     0.029   0.00455    0.0296      7.31      27.6      1.75
    71/299     9.12G      5.41        28       1.2      34.6         0      32.9       456        64    0.0373    0.0491   0.00744    0.0393      7.32      26.8      1.46
    72/299     9.12G      5.27        28      1.19      34.4         0      33.9       506        64    0.0347    0.0424     0.005    0.0347      7.32      26.7      1.63
    73/299     9.12G      4.75      27.5      1.18      33.4         0      30.7       441        64    0.0425    0.0418   0.00803    0.0381      7.31      26.4      2.84
    74/299     9.12G      5.77      27.9      1.21      34.8         0      33.6       494        64    0.0422    0.0452   0.00714    0.0404      7.26      26.3      2.31
    75/299     9.12G       6.3      27.3      1.18      34.8         0      34.5       462        64    0.0374    0.0383   0.00563    0.0358      7.32      25.7      2.17
    76/299     9.12G      6.22      27.3      1.16      34.7         0      31.9       525        64     0.041    0.0407   0.00475    0.0388       7.3      25.6      1.97
    77/299     9.12G      5.81      27.6      1.17      34.5         0      33.9       500        64    0.0391    0.0432   0.00568    0.0388      7.26      25.9      4.47
    78/299     9.12G      5.21      27.1      1.15      33.4         0      34.2       449        64    0.0459     0.052   0.00895    0.0458      7.31      25.5      2.48
    79/299     9.12G      3.73        27      1.15      31.9         0      31.6       459        64    0.0431    0.0468   0.00667    0.0407      7.46      26.6      3.53
    80/299     9.12G      5.22      26.4      1.16      32.8         0      29.7       449        64    0.0461    0.0536   0.00806    0.0466      7.25      25.9       2.4
    81/299     9.12G       5.2      26.7      1.14        33         0      31.4       473        64    0.0485    0.0549   0.00895    0.0474      7.24      25.3      1.96
    82/299     9.12G      6.16      26.4      1.12      33.7         0      30.1       448        64    0.0491    0.0455   0.00853     0.044       7.3      25.8      1.84
    83/299     9.12G       5.7      26.5      1.14      33.3         0      35.2       456        64    0.0507     0.046    0.0081    0.0455      7.35      26.2      1.38
    84/299     9.12G      5.18      26.6      1.17        33         0      36.4       454        64    0.0527    0.0399   0.00931    0.0421      7.24      26.7      4.18
    85/299     9.12G      6.13      26.7      1.11        34         0      35.7       475        64    0.0469    0.0473   0.00738    0.0436       7.2      25.1      5.91
    86/299     9.12G      5.09      26.2      1.14      32.4         0      33.2       467        64    0.0539    0.0478    0.0097    0.0475      7.21      24.9       2.4
    87/299     9.12G      5.18      26.4      1.13      32.7         0      31.9       442        64    0.0381    0.0337   0.00529    0.0342       7.3      25.2      1.79
    88/299     9.12G      5.11      26.3      1.11      32.5         0      35.5       445        64    0.0432    0.0436   0.00624    0.0408      7.19      24.7      1.55
    89/299     9.12G      6.13      26.3      1.12      33.6         0      30.7       456        64    0.0411    0.0394   0.00614    0.0379       7.3      24.9      3.76
    90/299     9.12G      5.64      25.7      1.14      32.5         0      30.1       480        64    0.0399    0.0479   0.00778    0.0409      7.19      24.9       3.1
    91/299     9.12G      6.08      25.6      1.09      32.8         0      29.8       420        64    0.0428    0.0426   0.00761    0.0399      7.28      24.6      1.94
    92/299     9.12G      5.63      25.5      1.09      32.2         0      30.4       485        64    0.0473    0.0558   0.00996    0.0481      7.32      24.8      2.27
    93/299     9.12G      5.14      25.5      1.09      31.7         0      30.7       460        64     0.044    0.0389   0.00599    0.0389      7.22      24.4      4.82
    94/299     9.12G      5.09      25.5      1.08      31.7         0        30       456        64    0.0525    0.0453   0.00778    0.0457      7.19      24.5      3.12
    95/299     9.12G      5.08      25.1      1.12      31.3         0      29.1       425        64     0.052    0.0446   0.00808    0.0435      7.17      24.4      5.11
    96/299     9.12G      5.24      25.7      2.57      33.5         0      30.7       496        64    0.0201    0.0178   0.00232    0.0172      7.37      25.3      1.34
    97/299     9.12G      5.29      25.3      1.93      32.5         0      30.7       450        64    0.0122    0.0086   0.00143   0.00948      7.53        26      1.68
    98/299     9.12G      5.29      25.1      1.21      31.6         0        30       504        64    0.0301    0.0436   0.00469     0.033      7.41      25.4      1.34
    99/299     9.12G      5.72      24.7      1.16      31.6         0      32.7       446        64    0.0317    0.0291   0.00456    0.0293      7.42      24.3      1.36
   100/299     9.12G      5.79      24.7      1.14      31.6         0      30.6       484        64    0.0355    0.0287   0.00365    0.0299      7.26      23.9      1.36
   101/299     9.12G      5.15        24      1.15      30.3         0      27.2       397        64    0.0431    0.0351   0.00503    0.0359      7.19      23.6      1.34
   102/299     9.12G      4.65      24.3      1.12      30.1         0        28       450        64    0.0474    0.0374   0.00776    0.0397       7.3      23.8      1.35
   103/299     9.12G      6.18      24.6      1.43      32.2         0      30.4       478        64    0.0386    0.0411   0.00643    0.0381      7.23      23.4      3.03
   104/299     9.12G      4.63      24.2      1.37      30.2         0      29.7       499        64    0.0361    0.0345   0.00536    0.0336       7.2      23.2      1.96
   105/299     9.12G      5.12      23.9      1.44      30.5         0      28.1       450        64    0.0436    0.0437   0.00663    0.0419      7.17      23.4      1.32
   106/299     9.12G      5.14        24      1.59      30.7         0      30.7       492        64    0.0391     0.039   0.00638    0.0373      7.23      23.1       1.3
   107/299     9.12G      5.11      24.2       1.2      30.5         0      29.2       454        64    0.0467    0.0387   0.00758    0.0402      7.22      23.5      1.31
   108/299     9.12G      5.13      24.3      1.17      30.6         0      29.2       492        64    0.0471    0.0492    0.0069    0.0449      7.22      22.9      1.27
   109/299     9.12G      4.08      23.9      1.08        29         0        29       455        64     0.043    0.0466   0.00572    0.0413      7.17      23.2      1.26
   110/299     9.12G      5.11      23.6      1.09      29.8         0        28       477        64    0.0507    0.0554   0.00818     0.049      7.14      23.2      1.28
   111/299     9.12G       5.1      23.3      1.13      29.5         0      26.4       496        64    0.0525    0.0434   0.00913    0.0441      7.27      22.4       1.3
   112/299     9.12G      3.58      23.2      1.09      27.9         0      27.7       475        64    0.0507    0.0379   0.00693    0.0408      7.22      22.4      1.29
   113/299     9.12G      5.59      22.8      1.04      29.4         0      26.6       457        64    0.0584    0.0437   0.00826    0.0468      7.13      22.5      1.27
   114/299     9.12G      4.57      22.6       1.1      28.2         0      30.4       490        64    0.0542    0.0576   0.00925    0.0531      7.13      22.6      1.24
   115/299     9.12G      5.55      22.8      2.06      30.5         0      28.5       480        64     0.048    0.0359   0.00712    0.0387      7.15      22.9      1.55
   116/299     9.12G      4.02      22.8      1.12        28         0      28.9       509        64    0.0449     0.037   0.00666    0.0371      7.24        22      1.37
   117/299     9.12G      5.59      22.3       1.2      29.1         0      27.4       432        64    0.0515    0.0456   0.00763    0.0448      7.19      21.8      1.28
   118/299     9.12G      4.56      22.3      1.14        28         0      27.5       478        64    0.0559    0.0492   0.00765    0.0481      7.12      21.9      1.22
   119/299     9.12G      4.99      22.4      1.59        29         0      27.4       484        64    0.0556    0.0386   0.00731     0.043      7.13      21.8      1.34
   120/299     9.12G      4.53      21.9      1.04      27.4         0      26.3       490        64    0.0423    0.0454   0.00806    0.0413      7.16      21.4       1.8
   121/299     9.12G      5.07      22.1      1.05      28.2         0      27.4       498        64    0.0448    0.0478   0.00766    0.0432      7.13      21.9      2.03
   122/299     9.12G      5.52        22       2.1      29.6         0      28.7       502        64    0.0469    0.0451   0.00811    0.0434      7.09      20.9      2.13
   123/299     9.12G      6.01      21.4      1.35      28.7         0      24.9       452        64    0.0486    0.0388   0.00747    0.0407      7.18      20.7      2.27
   124/299     9.12G      4.99      21.7      1.47      28.1         0      33.3       481        64    0.0538    0.0453   0.00875    0.0457      7.07      20.6      2.28
   125/299     9.12G      4.47      21.4      1.04      26.9         0      25.3       449        64    0.0518    0.0461    0.0095    0.0454      7.01      20.8      2.29
   126/299     9.12G      5.45      21.2      1.18      27.9         0      29.2       462        64    0.0641    0.0395   0.00997     0.045      6.97      20.8      2.31
   127/299     9.12G      5.93        21      1.19      28.1         0      28.9       445        64    0.0452    0.0349   0.00599    0.0372       6.9      20.3      2.25
   128/299     9.12G      4.96      20.9      1.13        27         0        25       475        64    0.0538    0.0399   0.00835    0.0419      6.67      19.9      2.13
   129/299     9.12G      5.34      20.5       1.2        27         0      24.1       430        64    0.0625    0.0447    0.0101    0.0485      7.01      19.5      1.94
   130/299     9.12G      5.95      20.1      1.36      27.4         0      24.4       475        64    0.0608    0.0481    0.0103    0.0495      7.05      19.7      1.67
   131/299     9.12G      5.45      20.1      1.05      26.6         0      24.3       493        64    0.0638    0.0527    0.0112    0.0529      7.02      20.1      1.45
   132/299     9.12G      5.46        20      1.04      26.5         0      24.8       491        64    0.0648     0.047    0.0105    0.0503      6.98        20      1.33
   133/299     9.12G      4.41      19.8      1.02      25.2         0      23.4       492        64    0.0641     0.053    0.0107    0.0531      6.99      19.7       1.3
   134/299     9.12G      4.91      19.6      1.09      25.6         0      24.3       437        64    0.0569    0.0413   0.00883     0.044      7.11      19.5      1.29
   135/299     9.12G      4.42      19.4      1.04      24.8         0      23.9       401        64    0.0565    0.0495      0.01    0.0477      7.05      19.7      1.26
   136/299     9.12G      4.41      19.4      1.05      24.9         0      22.2       450        64     0.066    0.0526    0.0105    0.0526      6.98      19.1      1.23
   137/299     9.12G      4.95      19.3      1.04      25.3         0      27.6       455        64    0.0668    0.0449   0.00936    0.0491         7        19      1.27
   138/299     9.12G      5.91      19.3      1.02      26.2         0      22.9       450        64    0.0727    0.0369   0.00892    0.0445         7      19.6      1.28
   139/299     9.12G       4.4      18.8      1.47      24.6         0      23.2       443        64    0.0673     0.066    0.0131    0.0616      6.97      19.3      1.25
   140/299     9.12G      6.39      18.1       1.4      25.9         0      24.6       420        64    0.0698    0.0641    0.0127    0.0618      6.98        19      1.29
   141/299     9.12G      5.91      18.4      1.06      25.4         0      21.3       461        64    0.0711    0.0562    0.0111    0.0567      6.99      18.4       1.3
   142/299     9.12G      6.42      18.1      1.15      25.7         0        22       454        64    0.0637    0.0429   0.00891    0.0472      7.01      18.1      1.29
   143/299     9.12G      4.34      18.2      1.06      23.6         0      24.5       453        64    0.0651    0.0537    0.0121    0.0556      6.97      18.1      1.31
   144/299     9.12G      4.85      18.2      1.04      24.1         0      22.3       467        64    0.0623    0.0445   0.00931    0.0486      7.02      17.7      1.29
   145/299     9.12G      5.38      18.4     0.987      24.7         0        23       478        64    0.0561    0.0395   0.00777    0.0433      7.05      17.7      1.26
   146/299     9.12G      5.95      18.3      1.06      25.3         0      27.1       524        64     0.064    0.0432   0.00984    0.0474         7      17.6      1.27
   147/299     9.12G      5.87      18.6      1.47        26         0      24.5       491        64    0.0509    0.0375    0.0101    0.0396      7.03      18.1      3.47
   148/299     9.12G      4.91      18.4      1.42      24.7         0      23.9       476        64    0.0539     0.038   0.00737    0.0419      7.04      18.6      3.34
   149/299     9.12G      5.92      18.4      1.21      25.5         0      25.9       484        64    0.0565    0.0365    0.0082    0.0415      7.13      18.1      2.72
   150/299     9.12G      4.41      18.3      1.16      23.8         0      24.2       463        64    0.0528    0.0427   0.00982    0.0437      7.15      18.1      2.32
   151/299     9.12G      4.36      18.6      1.04        24         0      23.7       468        64      0.06    0.0457   0.00933    0.0484      7.02      17.9       2.1
   152/299     9.12G      3.84      18.1      1.01      22.9         0      22.4       445        64    0.0638     0.054    0.0123    0.0539         7      18.1      2.02
   153/299     9.12G      5.85        18       1.6      25.4         0      21.2       495        64    0.0654    0.0371   0.00954    0.0437      7.04      18.1      1.93
   154/299     9.12G      5.88      18.2      1.06      25.1         0      24.9       436        64    0.0555    0.0408    0.0115    0.0432      7.02      17.9      1.86
   155/299     9.12G      3.85      18.1      1.05        23         0      22.8       482        64    0.0675    0.0389    0.0101    0.0453      7.02      18.4      1.88
   156/299     9.12G      4.87        18      1.03      23.9         0      20.8       461        64    0.0636    0.0556    0.0125    0.0551      7.02      18.4      1.92
   157/299     9.12G       3.3      18.1      1.01      22.4         0      23.5       468        64     0.066    0.0456    0.0102    0.0501         7      18.3      1.95
   158/299     9.12G      4.85      17.9      1.01      23.8         0      22.6       502        64    0.0611    0.0448   0.00907    0.0488      6.99      18.7      1.91
   159/299     9.12G      5.33      18.5      1.07      24.9         0      24.4       489        64    0.0636    0.0416   0.00723    0.0479      7.04      18.8      1.96
   160/299     9.12G      4.82        18      1.02      23.8         0      23.6       455        64     0.054    0.0455   0.00772    0.0458         7      18.8      2.01
   161/299     9.12G      4.33      18.5      1.02      23.8         0      23.7       489        64    0.0712    0.0417    0.0087    0.0486      7.04      18.6      2.05
   162/299     9.12G      4.29      18.4      1.07      23.8         0      23.7       462        64    0.0767     0.042   0.00854    0.0495      6.98      18.5      2.05
   163/299     9.12G      5.34      18.7      1.06      25.1         0        24       466        64    0.0583     0.044   0.00789    0.0463      6.97      18.6      2.08
   164/299     9.12G      5.29      18.4      1.04      24.7         0      23.9       477        64    0.0676    0.0468    0.0122    0.0511      6.98      18.4      2.07
   165/299     9.12G      4.84        18     0.983      23.8         0      20.6       447        64    0.0632     0.049    0.0118    0.0505      6.98      18.4      2.01
   166/299     9.12G      5.33      17.8     0.973      24.1         0      21.4       436        64    0.0601    0.0485    0.0127    0.0496      6.99      18.5      1.99
   167/299     9.12G      5.83      18.1      1.02      24.9         0      20.9       418        64    0.0597    0.0495    0.0124    0.0497      6.99      18.4      1.92
   168/299     9.12G      5.31      18.1     0.984      24.4         0      25.9       510        64    0.0597    0.0563    0.0114    0.0535      7.01      18.5      1.88
   169/299     9.12G      4.82      18.7      1.01      24.5         0      28.1       463        64    0.0593    0.0456   0.00959    0.0481      6.95      18.3      1.88
   170/299     9.12G       3.8      17.8     0.966      22.5         0      21.8       470        64    0.0718    0.0455     0.012    0.0518      6.97        18      1.88
   171/299     9.12G      4.27        18      1.02      23.3         0      22.2       483        64    0.0623    0.0451    0.0103    0.0489         7      18.4      1.89
   172/299     9.12G      3.81        18     0.965      22.8         0      21.6       440        64     0.066    0.0408   0.00966    0.0467      6.99        19      1.94
   173/299     9.12G      4.29      18.1     0.987      23.3         0      22.4       527        64    0.0697    0.0419    0.0107     0.048      6.98      19.1      1.94
   174/299     9.12G      4.29        18      1.02      23.3         0      22.6       507        64    0.0663    0.0396   0.00968    0.0453      6.96      18.4      1.97
   175/299     9.12G      3.76      18.4     0.966      23.2         0      23.4       460        64    0.0662    0.0474    0.0114    0.0508      6.95      18.4       1.9
   176/299     9.12G      4.26        18     0.983      23.3         0      22.3       419        64    0.0646    0.0529    0.0121    0.0538      6.97      18.5       1.9
   177/299     9.12G      4.25      17.9      1.03      23.2         0      21.7       475        64    0.0624    0.0542    0.0123    0.0535      6.97      18.8      1.93
   178/299     9.12G      5.29      17.7     0.983      23.9         0      21.8       485        64    0.0584    0.0501    0.0103    0.0504      6.92        19      1.92
   179/299     9.12G      4.77      17.9     0.953      23.6         0      22.3       465        64    0.0667    0.0477    0.0108     0.052      6.94        19      1.91
   180/299     9.12G      5.81      18.2         1        25         0      23.2       530        64    0.0722    0.0482    0.0107    0.0543      6.97      18.7      1.96
   181/299     9.12G      5.26        18      1.01      24.3         0      22.1       446        64    0.0721    0.0478    0.0116    0.0537      6.96      18.4      1.95
   182/299     9.12G      4.28      18.2     0.985      23.4         0      23.3       513        64    0.0652    0.0397    0.0102    0.0465      6.96      18.5      1.98
   183/299     9.12G      5.26      18.3     0.955      24.5         0      23.2       429        64    0.0551    0.0423   0.00815    0.0445      6.92      18.8         2
   184/299     9.12G      5.23      18.3     0.952      24.4         0      23.9       460        64    0.0609    0.0441   0.00963    0.0472      6.93      18.6      2.03
   185/299     9.12G       4.8      18.1      1.01      23.9         0      22.6       527        64    0.0718    0.0496    0.0114    0.0545      6.96      18.4      2.06
   186/299     9.12G      4.24      17.6      1.07      22.9         0      20.9       466        64    0.0667    0.0505   0.00906    0.0538      6.94      18.6      1.95
   187/299     9.12G      6.28        18     0.952      25.2         0        22       492        64    0.0792    0.0463    0.0099    0.0536      6.93      18.9      1.86
   188/299     9.12G      5.24      18.2     0.937      24.3         0      22.2       466        64    0.0726    0.0514    0.0108    0.0555       6.9      18.7      1.84
   189/299     9.12G      3.72      17.7     0.942      22.4         0      22.1       456        64    0.0742    0.0512    0.0127    0.0557      6.94      18.3      1.78
   190/299     9.12G      4.74      18.2     0.953      23.9         0      23.6       506        64    0.0712    0.0486    0.0108    0.0539      6.93      18.8      1.71
   191/299     9.12G      5.24      17.8      0.94        24         0      20.4       450        64    0.0828    0.0529     0.014    0.0585      6.91      18.1       1.7
   192/299     9.12G      5.25      18.1      1.12      24.5         0      23.3       492        64    0.0632    0.0442    0.0104    0.0477      6.92      18.2      1.73
   193/299     9.12G      4.76      18.1      5.81      28.7         0      23.5       447        64    0.0213    0.0289   0.00505    0.0205      7.73      19.3      2.61
   194/299     9.12G      5.41      18.1      1.17      24.7         0      22.6       484        64    0.0249    0.0212   0.00223    0.0202      7.49      18.1      2.69
   195/299     9.12G      5.39      18.3      1.72      25.4         0      22.5       474        64    0.0371    0.0353   0.00427    0.0333      7.24      18.8      2.61
   196/299     9.12G      5.42      17.9       1.1      24.4         0      21.7       442        64      0.05    0.0387   0.00685    0.0415      7.19      18.4      2.75
   197/299     9.12G      5.86      17.9      1.36      25.1         0        22       475        64    0.0601    0.0506   0.00858    0.0519      7.03      18.8      2.54
   198/299     9.12G       4.3      18.1      1.06      23.5         0      23.9       453        64    0.0673    0.0478    0.0102    0.0528      6.98      18.7      2.41
   199/299     9.12G       5.8      18.1      1.02      24.9         0      23.6       484        64    0.0679    0.0489      0.01    0.0534      6.95      18.6       2.3
   200/299     9.12G       4.3        18     0.981      23.3         0      21.9       465        64    0.0722    0.0508    0.0101     0.056      6.96      18.4      2.22
   201/299     9.12G       4.8      17.8      1.16      23.7         0      21.1       493        64    0.0728    0.0513    0.0109    0.0561      6.93      18.5      2.03
   202/299     9.12G      4.29        18      1.03      23.3         0      25.8       445        64    0.0705    0.0501    0.0121    0.0547      6.93      18.5      1.94
   203/299     9.12G      5.79      17.7      1.06      24.6         0      21.1       495        64    0.0697    0.0423   0.00929    0.0491      6.95        19      1.91
   204/299     9.12G      5.28      17.6     0.993      23.9         0      21.7       446        64      0.07    0.0464   0.00952    0.0528      6.92      19.1      1.87
   205/299     9.12G      5.76      17.9      1.03      24.7         0      22.2       446        64    0.0678    0.0414   0.00979    0.0486      6.94      19.1      1.87
   206/299     9.12G      4.72        18     0.963      23.7         0      21.1       484        64     0.064    0.0445   0.00897    0.0495      6.91      18.8      1.76
   207/299     9.12G      5.28        18     0.963      24.3         0      22.9       510        64    0.0645    0.0438    0.0101    0.0489      6.92      18.8      1.65
   208/299     9.12G      4.71      18.3     0.982        24         0      23.7       469        64    0.0713    0.0491    0.0113    0.0541      6.93      18.5      1.66
   209/299     9.12G      5.72        18     0.978      24.7         0      24.7       454        64    0.0789    0.0508    0.0125    0.0576      6.94      18.3      1.61
   210/299     9.12G      5.26      17.7     0.957      23.9         0        22       461        64    0.0708    0.0515    0.0107    0.0548      6.93      18.5      1.61
   211/299     9.12G      5.76      17.6      0.99      24.4         0      20.8       441        64    0.0638    0.0505    0.0113    0.0513      6.92      18.8      1.65
   212/299     9.12G      4.75      17.8     0.986      23.5         0      22.7       499        64    0.0661     0.047    0.0116    0.0506      6.92      18.5      1.65
   213/299     9.12G      5.24      17.7      0.94      23.9         0      26.2       481        64    0.0717    0.0462    0.0128    0.0521      6.92      18.6      1.65
   214/299     9.12G      5.21      18.1     0.982      24.3         0      23.7       469        64    0.0664    0.0407     0.011    0.0474      6.95      19.4      1.68
   215/299     9.12G      5.21      17.6     0.931      23.8         0      25.3       458        64    0.0741    0.0498     0.013    0.0557      6.96      18.9      1.69
   216/299     9.12G      4.74      17.9     0.935      23.6         0      22.6       492        64    0.0734    0.0503    0.0118    0.0559      6.96      18.6      1.66
   217/299     9.12G      6.74      18.1     0.967      25.8         0      27.2       481        64    0.0669    0.0488     0.013    0.0527      6.94      18.5      1.61
   218/299     9.12G       4.7      17.8      0.95      23.4         0      21.8       455        64    0.0646    0.0454    0.0118    0.0497      6.91      18.6      1.57
   219/299     9.12G      3.67      18.1      0.95      22.7         0      23.3       480        64    0.0701    0.0487     0.012    0.0524      6.91      18.6       1.6
   220/299     9.12G      5.69      18.1     0.959      24.7         0      22.2       429        64    0.0637     0.044    0.0117    0.0482       6.9        19      1.64
   221/299     9.12G      4.19      17.9     0.982        23         0        23       459        64    0.0646    0.0444    0.0108    0.0498       6.9        19       1.6
   222/299     9.12G      5.19      18.3      1.07      24.5         0      25.3       498        64    0.0736    0.0546     0.014    0.0586      6.92      18.6      1.56
   223/299     9.12G      5.21      17.7      1.02      23.9         0      25.5       449        64    0.0692    0.0548    0.0149    0.0569      6.91      18.8      1.43
   224/299     9.12G       5.2      17.8     0.949        24         0      21.9       483        64    0.0737    0.0483    0.0141    0.0551      6.93      18.8      1.37
   225/299     9.12G      4.17      17.5     0.927      22.6         0      21.5       459        64    0.0682    0.0456    0.0115    0.0513      6.92      18.8      1.34
   226/299     9.12G      5.69        18     0.945      24.6         0      25.1       471        64    0.0695    0.0443    0.0117    0.0507      6.91      19.1      1.32
   227/299     9.12G      4.16      17.5     0.957      22.6         0      20.1       437        64    0.0693    0.0452    0.0123     0.051      6.93      18.8      1.33
   228/299     9.12G      4.19      17.8     0.963      22.9         0      22.4       488        64    0.0661    0.0478    0.0118    0.0517      6.92      18.9      1.32
   229/299     9.12G      4.17      17.4     0.956      22.5         0      22.3       436        64    0.0652    0.0425    0.0106    0.0481      6.91      19.1      1.31
   230/299     9.12G      4.16      18.1     0.996      23.3         0      23.5       465        64    0.0685    0.0487    0.0108    0.0531      6.91        19       1.3
   231/299     9.12G      4.14      17.9     0.879      22.9         0      22.8       445        64    0.0657    0.0495     0.012    0.0535      6.92      19.1       1.3
   232/299     9.12G      5.18      17.6     0.905      23.7         0        23       459        64    0.0644    0.0551    0.0136    0.0551      6.91        19      1.29
   233/299     9.12G      5.21      18.2     0.896      24.3         0      22.4       487        64    0.0644    0.0492    0.0122    0.0519      6.92      18.8      1.29
   234/299     9.12G      4.67      17.5     0.923      23.1         0      21.9       456        64    0.0679    0.0528    0.0145    0.0559       6.9      18.7      1.28
   235/299     9.12G      5.16      17.2     0.915      23.3         0        22       466        64    0.0645    0.0522     0.013    0.0544       6.9      18.7      1.27
   236/299     9.12G      5.68      17.5     0.941      24.2         0      21.5       516        64    0.0663    0.0469    0.0114    0.0518       6.9      18.8      1.28
   237/299     9.12G      4.65        18     0.914      23.5         0      22.8       501        64    0.0665    0.0489    0.0135    0.0529      6.91      18.9      1.29
   238/299     9.12G      5.15      17.5     0.932      23.6         0      21.4       490        64    0.0675    0.0538    0.0142    0.0559       6.9      18.8      1.31
   239/299     9.12G      5.15      17.4     0.948      23.5         0      20.7       471        64    0.0632    0.0455    0.0124    0.0495       6.9      18.9       1.3
   240/299     9.12G      3.66      17.6     0.966      22.2         0      21.9       482        64     0.061     0.045    0.0129    0.0489      6.91      18.8      1.28
   241/299     9.12G      5.67      17.8      1.01      24.5         0      22.6       478        64    0.0679    0.0513    0.0145    0.0548       6.9      18.8      1.24
   242/299     9.12G      4.67      17.9     0.891      23.5         0      26.4       537        64    0.0656    0.0449    0.0136    0.0503       6.9      19.1      1.24
   243/299     9.12G      5.17      17.2     0.942      23.3         0      23.1       425        64    0.0699    0.0478    0.0138    0.0531       6.9      18.9      1.25
   244/299     9.12G      5.67      17.4     0.996      24.1         0      24.6       461        64    0.0665     0.045    0.0123    0.0504      6.89      19.1      1.26
   245/299     9.12G      4.15      17.7     0.892      22.7         0      20.2       486        64    0.0634    0.0433    0.0127    0.0483      6.88      19.2      1.26
   246/299     9.12G      5.21      17.7     0.948      23.9         0      25.6       458        64    0.0622    0.0474    0.0118    0.0501      6.89        19       1.3
   247/299     9.12G      4.17      17.8     0.926      22.9         0      22.2       500        64    0.0677     0.052    0.0146    0.0551       6.9      18.7      1.27
   248/299     9.12G      4.64      17.4     0.883      22.9         0        20       467        64    0.0739    0.0546    0.0143    0.0594      6.89      18.8      1.27
   249/299     9.12G      4.16      17.9     0.921        23         0      22.9       482        64    0.0683    0.0541    0.0135    0.0572       6.9        19      1.28
   250/299     9.12G      5.69      17.5      0.88      24.1         0      23.2       426        64    0.0646    0.0529    0.0139    0.0549       6.9      18.9      1.29
   251/299     9.12G      4.65      17.8     0.972      23.5         0      22.2       478        64    0.0631    0.0516    0.0137    0.0535      6.89      18.9      1.29
   252/299     9.12G      5.62      17.9     0.872      24.4         0      23.2       479        64    0.0616    0.0455    0.0119    0.0494      6.91      18.8       1.3
   253/299     9.12G      3.62      17.7     0.879      22.2         0      22.2       506        64    0.0635    0.0486    0.0116    0.0518      6.92      18.9      1.31
   254/299     9.12G      4.61      17.8     0.888      23.3         0      23.1       481        64    0.0641    0.0465    0.0126    0.0509      6.92        19       1.3
   255/299     9.12G      4.15      17.5      0.91      22.5         0      21.9       463        64    0.0648    0.0426    0.0127    0.0483      6.93      19.2       1.3
   256/299     9.12G      5.12        18     0.891        24         0      22.9       468        64    0.0618    0.0417    0.0128    0.0473      6.94      19.1       1.3
   257/299     9.12G      4.65      17.4     0.879        23         0      20.7       447        64    0.0635    0.0498    0.0147    0.0524       6.9      18.8      1.29
   258/299     9.12G      4.11      17.5     0.937      22.6         0      20.5       479        64    0.0625    0.0469     0.015    0.0505      6.91      18.8      1.28
   259/299     9.12G      6.14      17.6     0.913      24.6         0      20.7       440        64    0.0646    0.0424    0.0135    0.0491      6.93        19      1.31
   260/299     9.12G      3.67      17.4     0.885      21.9         0      20.7       509        64    0.0665    0.0489    0.0145     0.054      6.91        19      1.29
   261/299     9.12G      5.62      17.7     0.918      24.2         0      22.3       448        64    0.0707    0.0522    0.0163    0.0568      6.89      18.8      1.31
   262/299     9.12G      4.64      17.9     0.919      23.4         0      24.6       433        64    0.0661    0.0523    0.0153    0.0549      6.89      19.1       1.3
   263/299     9.12G      5.65      17.4     0.877      23.9         0      25.8       461        64    0.0672    0.0547    0.0165    0.0568      6.88      18.9      1.29
   264/299     9.12G      4.12      17.7      1.01      22.8         0      21.8       433        64    0.0697    0.0553    0.0173    0.0578      6.89      18.9       1.3
   265/299     9.12G       5.1      17.7     0.885      23.7         0      22.4       449        64    0.0718    0.0541    0.0161    0.0581       6.9      18.9      1.31
   266/299     9.12G      5.13      17.5     0.902      23.5         0      20.3       439        64    0.0682     0.049    0.0145    0.0534      6.92      18.9      1.31
   267/299     9.12G      5.12      17.8     0.878      23.8         0      21.4       428        64    0.0701    0.0502    0.0157    0.0544       6.9      18.9      1.29
   268/299     9.12G       4.6      18.2     0.901      23.7         0        27       535        64    0.0681    0.0496    0.0158    0.0534       6.9      18.8       1.3
   269/299     9.12G      5.11      17.4     0.993      23.5         0      21.3       431        64    0.0666    0.0535    0.0149    0.0552       6.9        19      1.32
   270/299     9.12G      4.64      17.6     0.904      23.2         0      21.6       471        64    0.0632    0.0516    0.0143     0.053       6.9      18.9       1.3
   271/299     9.12G      4.63      17.8     0.868      23.3         0      21.7       454        64    0.0693    0.0485    0.0144    0.0535      6.92      18.9      1.31
   272/299     9.12G      5.63      17.6      0.87      24.1         0      24.8       460        64    0.0731    0.0487     0.016    0.0546      6.92      19.2      1.32
   273/299     9.12G       3.1      17.6     0.857      21.5         0      20.9       472        64    0.0728    0.0507    0.0163    0.0558      6.91        19      1.32
   274/299     9.12G      4.09      17.5     0.883      22.5         0      20.5       445        64    0.0689    0.0519    0.0157     0.055       6.9      18.7      1.32
   275/299     9.12G      5.12      17.8      0.93      23.8         0      22.2       513        64    0.0695    0.0541    0.0155    0.0566       6.9      18.8      1.32
   276/299     9.12G      3.59      17.5     0.873        22         0      22.4       473        64    0.0717    0.0522    0.0155    0.0564      6.89      18.9       1.3
   277/299     9.12G      5.09      17.4     0.889      23.4         0      20.8       437        64    0.0703    0.0517    0.0161    0.0558      6.88      18.9      1.31
   278/299     9.12G      4.61      17.6     0.896      23.1         0      22.6       486        64     0.078    0.0522    0.0166    0.0583      6.89      18.9      1.31
   279/299     9.12G      5.11      17.4     0.914      23.4         0        21       469        64    0.0716    0.0535    0.0163    0.0571      6.87        19       1.3
   280/299     9.12G      5.64      17.5     0.938      24.1         0      22.1       494        64    0.0685    0.0516    0.0154    0.0553      6.87        19      1.31
   281/299     9.12G      5.09      17.7     0.867      23.7         0      22.1       473        64      0.07    0.0522    0.0162    0.0563      6.87        19      1.31
   282/299     9.12G      4.08      17.8     0.864      22.8         0      21.8       495        64    0.0695    0.0526    0.0162    0.0559      6.88      19.1      1.32
   283/299     9.12G      4.12      17.6     0.925      22.6         0      21.4       498        64    0.0695    0.0508    0.0163    0.0548      6.87      19.1       1.3
   284/299     9.12G       4.6      17.8     0.858      23.3         0      23.6       492        64    0.0715    0.0519    0.0162     0.056      6.87      18.9      1.28
   285/299     9.12G      5.11      17.6     0.949      23.7         0      23.5       446        64    0.0697     0.054    0.0157    0.0567      6.87      18.9      1.28
   286/299     9.12G      5.09      17.5      0.87      23.4         0      21.5       451        64    0.0702    0.0547    0.0162    0.0573      6.88      18.8      1.28
   287/299     9.12G      5.59      17.6     0.857      24.1         0      21.3       450        64    0.0714    0.0514     0.016    0.0559      6.87      18.9      1.28
   288/299     9.12G      5.14      17.7     0.931      23.8         0      21.2       494        64    0.0687    0.0502    0.0156    0.0545      6.88        19      1.29
   289/299     9.12G      5.62      17.8     0.902      24.3         0      23.3       514        64    0.0698    0.0517    0.0155    0.0558      6.88      19.1      1.31
   290/299     9.12G       5.1      17.5     0.968      23.6         0      21.4       461        64    0.0706    0.0529    0.0157    0.0568      6.88        19      1.31
      0/99     9.26G      7.31      26.6       3.9      37.8         0      34.3       688       128    0.0667     0.201    0.0422    0.0984      7.24      17.9      4.01
      1/99     9.27G      6.93        22      2.93      31.9         0      30.2       657       128    0.0811      0.19    0.0378     0.112      6.98      16.4      2.74
      2/99     9.27G      6.75      20.1      2.01      28.9         0      27.2       630       128    0.0943     0.209    0.0471     0.128       6.9      15.8      2.34
      3/99     9.27G      6.77      19.4       1.9      28.1         0      27.4       625       128    0.0961     0.215    0.0475     0.131      6.85      15.6      2.11
      4/99     9.27G      6.66      19.4       1.6      27.6         0      25.7       593       128    0.0921     0.224    0.0487     0.129       6.8      14.8      1.92
      5/99     9.27G      6.68      19.1       1.5      27.3         0      26.8       662       128     0.101     0.218    0.0508     0.136      6.81      14.8      1.89
      6/99     9.27G      6.59      18.7      1.53      26.8         0      27.9       734       128     0.101     0.223    0.0487     0.137      6.74      14.4      1.83
      7/99     9.27G      6.65      18.4      1.48      26.6         0      26.3       723       128     0.103     0.226    0.0541     0.139      6.76      14.5      1.84
      8/99     9.27G      6.65      18.4      1.41      26.5         0      24.9       676       128     0.102     0.225    0.0563     0.138      6.76      14.6      1.83
      9/99     9.27G      6.63        18      1.45      26.1         0        25       650       128     0.101     0.247    0.0591     0.141      6.73      14.4      1.73
     10/99     9.27G      6.58      17.6      1.37      25.5         0      24.9       662       128     0.104     0.245    0.0625     0.143      6.75      14.4      1.84
     11/99     9.27G      6.68      17.7      1.34      25.8         0      25.1       589       128     0.114     0.231    0.0569      0.15      6.76      14.3      1.76
     12/99     9.27G      6.62      17.5      1.34      25.5         0        24       636       128     0.115     0.226    0.0629     0.149      6.74      14.2      1.69
     13/99     9.27G      6.62      17.1      1.31        25         0      24.8       632       128     0.114     0.245    0.0602     0.154      6.74        14       1.7
     14/99     9.27G      6.62      17.5      1.25      25.4         0      24.8       644       128      0.11     0.229    0.0657     0.145      6.75      13.8       1.8
     15/99     9.27G      6.63      17.1      1.32      25.1         0      25.9       697       128     0.116     0.219    0.0698      0.15       6.8      14.3      1.63
     16/99     9.27G      6.64      16.8      1.25      24.7         0      25.8       729       128      0.11     0.225    0.0578     0.145      6.78      13.6      1.55
     17/99     9.27G      6.61      16.6      1.22      24.4         0      25.9       737       128     0.108     0.248    0.0584     0.146      6.73      13.8      1.61
     18/99     9.27G      6.58      16.6      1.29      24.5         0      25.3       621       128     0.114      0.22    0.0591     0.148      6.75      13.5      1.72
     19/99     9.27G      6.61      16.3      1.26      24.2         0      23.1       657       128     0.118     0.216    0.0585     0.149      6.83      13.3      1.65
     20/99     9.27G      6.58      16.4      1.26      24.3         0      26.4       734       128     0.103     0.234     0.052     0.141      6.79      13.4       1.5
     21/99     9.27G      6.55        16      1.15      23.7         0      22.5       630       128     0.128      0.25    0.0758     0.165      6.74      13.3      1.62
     22/99     9.27G      6.59      15.8      1.09      23.5         0      22.7       632       128     0.116     0.237    0.0778     0.154      6.73      13.1      1.59
     23/99     9.27G      6.55      15.8      1.11      23.4         0      23.1       644       128     0.122     0.246    0.0677     0.161       6.7      12.9      1.57
     24/99     9.27G      6.53      15.6      1.04      23.2         0      23.4       668       128     0.125     0.214    0.0557     0.155      6.74        13      1.63
     25/99     9.27G      6.54      15.3     0.993      22.9         0      22.6       643       128     0.129     0.227    0.0814     0.161      6.72      12.4       1.9
     26/99     9.27G      6.47      14.8      1.03      22.3         0      22.6       611       128     0.134     0.222    0.0785     0.163      6.67      12.4      1.89
     27/99     9.27G      6.46      14.8      1.05      22.3         0      22.3       671       128     0.144      0.21    0.0663     0.167       6.7      12.9      1.77
     28/99     9.27G      6.44      14.7     0.941      22.1         0      22.1       637       128     0.137     0.231    0.0763      0.17       6.7      12.3       1.6
     29/99     9.27G      6.47      14.3     0.952      21.7         0      21.9       676       128     0.127     0.233    0.0709     0.161      6.67        12      1.58
     30/99     9.27G      6.44      14.2     0.989      21.7         0      21.6       728       128     0.137     0.215    0.0605     0.165       6.7      12.1       1.6
     31/99     9.27G      6.46      14.2      1.03      21.7         0      22.4       701       128     0.145     0.229    0.0764     0.175      6.73      11.8      1.65
     32/99     9.27G      6.43      14.1     0.981      21.5         0      21.9       706       128     0.135     0.244    0.0706     0.171       6.7      11.4      1.57
     33/99     9.27G      6.43      13.9     0.909      21.2         0      20.1       601       128     0.137     0.247    0.0806     0.172       6.7      11.2      1.51
     34/99     9.27G      6.41      13.6     0.921      20.9         0      20.2       645       128     0.153     0.216    0.0856     0.175      6.69      11.3      1.71
     35/99     9.27G       6.4      13.1      0.93      20.4         0        20       692       128     0.142     0.218    0.0748     0.168      6.67      10.8      1.71
     36/99     9.27G      6.38      13.1     0.871      20.3         0      20.4       623       128     0.141     0.231     0.079     0.171      6.65      10.5      1.71
     37/99     9.27G      6.37      12.7     0.906        20         0      19.9       674       128     0.142     0.211    0.0796     0.166      6.64      10.5      1.69
     38/99     9.27G      6.36      12.6     0.847      19.8         0      20.8       692       128     0.148     0.224    0.0775     0.175      6.65      10.3      1.58
     39/99     9.27G      6.36      12.3     0.853      19.5         0      18.9       647       128     0.158      0.23    0.0855     0.182      6.65      9.91      1.56
     40/99     9.27G      6.35      12.2     0.963      19.5         0      18.9       645       128      0.15     0.244    0.0806     0.182      6.67      10.1      1.55
     41/99     9.27G      6.37      12.2     0.952      19.6         0      19.7       621       128     0.151     0.218     0.072     0.175      6.66      10.3      1.75
     42/99     9.27G      6.35      12.2     0.861      19.4         0        20       657       128     0.154     0.224    0.0838     0.179      6.65      10.1      1.82
     43/99     9.27G      6.34      12.1     0.856      19.3         0      20.5       687       128     0.159     0.218    0.0726      0.18      6.68      10.4      1.53
     44/99     9.27G      6.34        12     0.823      19.2         0      19.2       683       128     0.156     0.232    0.0849     0.183      6.64      10.1      1.41
     45/99     9.27G      6.32      12.3     0.807      19.4         0      18.7       582       128     0.157     0.229    0.0782     0.182      6.63      10.1      1.94
     46/99     9.27G      6.32      12.1     0.786      19.3         0        21       782       128     0.153     0.222    0.0768     0.177      6.63      10.2      1.96
     47/99     9.27G      6.29      12.1     0.776      19.1         0      19.6       659       128     0.149     0.217    0.0717     0.173      6.64      10.3      1.97
     48/99     9.27G      6.32      12.3     0.848      19.5         0      18.8       647       128     0.158     0.218    0.0844     0.178      6.64      10.3      2.52
     49/99     9.27G       6.3        12     0.853      19.2         0      20.4       732       128     0.159     0.224    0.0823     0.183      6.64      10.2      1.47
     50/99     9.27G      6.29      12.2     0.816      19.3         0      19.7       644       128     0.151     0.224    0.0737     0.176      6.61      10.2      1.67
     51/99     9.27G      6.29        12     0.788        19         0      19.1       629       128     0.159     0.231    0.0812     0.186      6.63      10.2      1.58
     52/99     9.27G      6.27        12      0.79      19.1         0      19.1       627       128     0.152     0.209     0.077     0.173      6.64      10.4      1.59
     53/99     9.27G      6.25      11.8     0.776      18.9         0      20.7       710       128     0.157     0.221    0.0735     0.181      6.63      10.5      1.67
     54/99     9.27G      6.25      12.1     0.744        19         0      18.7       621       128     0.145     0.207    0.0735     0.167      6.62      10.2      1.88
     55/99     9.27G      6.26      11.9     0.738      18.9         0      18.3       702       128     0.159     0.214    0.0766     0.179      6.63      10.4      1.71
     56/99     9.27G      6.26      11.8     0.737      18.8         0      18.4       586       128     0.153     0.226    0.0743     0.179      6.61      10.3      1.62
     57/99     9.27G      6.23      11.7     0.758      18.7         0      18.4       602       128     0.158     0.216    0.0833     0.179      6.61      10.5      1.59
     58/99     9.27G      6.24      11.8     0.757      18.8         0      18.2       645       128      0.15     0.215    0.0759     0.174      6.61      10.6      1.83
     59/99     9.27G      6.23        12     0.742        19         0      18.5       694       128     0.156     0.229    0.0922     0.181       6.6      10.4      1.73
     60/99     9.27G      6.22      11.9     0.675      18.8         0      18.9       713       128     0.146     0.231    0.0842     0.175      6.61      10.3      1.78
     61/99     9.27G      6.21      11.9     0.724      18.8         0      18.1       627       128     0.151     0.221    0.0794     0.176      6.59      10.4      1.84
     62/99     9.27G      6.22        12     0.737        19         0      18.7       640       128     0.148     0.219    0.0746     0.174      6.59      10.6      2.28
     63/99     9.27G      6.21      11.7     0.726      18.7         0      19.6       676       128     0.157      0.22    0.0865      0.18      6.59      10.4      1.91
     64/99     9.27G      6.21      11.8     0.722      18.8         0        19       696       128     0.153     0.233    0.0796     0.182      6.58      10.3      1.63
     65/99     9.27G       6.2      11.6     0.685      18.4         0      18.8       682       128     0.139     0.231    0.0774      0.17      6.56      10.2      1.75
     66/99     9.27G      6.18      11.6     0.666      18.5         0      18.9       655       128     0.152     0.228    0.0868     0.177      6.59      10.2      1.94
     67/99     9.27G       6.2      11.7     0.678      18.6         0      18.7       665       128     0.156     0.224    0.0795      0.18      6.59      10.4      2.16
     68/99     9.27G      6.19      11.9     0.704      18.8         0      18.8       706       128     0.154     0.225    0.0823     0.179      6.57      10.3      1.98
     69/99     9.27G      6.15      11.6     0.669      18.4         0      16.8       517       128     0.154     0.217    0.0828     0.177      6.58      10.5      1.89
     70/99     9.27G      6.18      11.7     0.681      18.5         0        19       670       128      0.15     0.222    0.0816     0.176      6.56      10.4      1.87
     71/99     9.27G      6.16      11.7     0.657      18.5         0      17.9       642       128     0.158     0.218    0.0839      0.18      6.58      10.7      1.78
     72/99     9.27G      6.17      11.5      0.68      18.3         0      18.6       728       128     0.153     0.222    0.0765     0.178      6.56      10.6      2.01
     73/99     9.27G      6.16      11.6     0.684      18.5         0      17.7       614       128     0.153     0.215     0.076     0.175      6.57      10.7      2.04
     74/99     9.27G      6.16      11.6     0.689      18.5         0      19.2       735       128     0.158     0.229    0.0861     0.183      6.55      10.5      2.12
     75/99     9.27G      6.17      11.5      0.65      18.3         0        18       642       128     0.152      0.22    0.0813     0.176      6.57      10.4      2.14
     76/99     9.27G      6.14      11.6     0.647      18.4         0      19.1       712       128     0.157     0.216    0.0832     0.178      6.58      10.7      2.05
     77/99     9.27G      6.15      11.7     0.661      18.5         0      19.1       662       128     0.147     0.217      0.08     0.172      6.56      10.5         2
     78/99     9.27G      6.13      11.6     0.617      18.3         0      17.8       630       128     0.153     0.219    0.0801     0.177      6.55      10.6      2.06
     79/99     9.27G      6.12      11.5     0.661      18.3         0      18.3       628       128     0.152     0.222    0.0791     0.178      6.56      10.7      1.98
     80/99     9.27G      6.15      11.4     0.649      18.2         0      17.8       658       128      0.16     0.217    0.0741     0.181      6.56      10.8       2.1
     81/99     9.27G      6.14      11.6     0.656      18.4         0      19.3       714       128     0.161     0.228    0.0805     0.185      6.56      10.6      2.17
     82/99     9.27G      6.13      11.3     0.616        18         0      17.3       662       128     0.153     0.226    0.0812     0.179      6.55      10.5      2.13
     83/99     9.27G      6.12      11.4     0.612      18.2         0        18       636       128     0.157     0.214    0.0782     0.178      6.56      10.8      2.08
     84/99     9.27G      6.15      11.3     0.614      18.1         0      18.1       638       128     0.152     0.227    0.0837     0.178      6.55      10.4      2.18
     85/99     9.27G      6.11      11.4     0.622      18.2         0      17.9       663       128     0.155     0.213    0.0759     0.177      6.56      10.7      2.13
     86/99     9.27G      6.12      11.3     0.629      18.1         0      17.8       637       128     0.159     0.224    0.0865     0.183      6.55      10.7      2.16
     87/99     9.27G      6.12      11.4     0.612      18.2         0      17.6       643       128     0.155     0.219     0.081     0.178      6.56      10.6      2.14
     88/99     9.27G      6.09      11.3     0.609        18         0      17.7       610       128     0.157     0.233    0.0847     0.184      6.54      10.5      2.12
     89/99     9.27G      6.11      11.5     0.617      18.3         0        18       646       128     0.156     0.222    0.0805      0.18      6.55      10.6      2.15
     90/99     9.27G      6.12      11.4     0.627      18.1         0      18.8       676       128     0.156     0.218    0.0806     0.179      6.55      10.7       2.1
     91/99     9.27G      6.12      11.4     0.586      18.1         0      17.6       637       128     0.157     0.226    0.0831     0.182      6.55      10.6      2.08
     92/99     9.27G      6.11      11.3     0.603        18         0      17.9       647       128     0.152     0.225    0.0835     0.178      6.55      10.5      2.13
     93/99     9.27G      6.11      11.5     0.594      18.2         0      18.5       613       128     0.157     0.221    0.0848      0.18      6.55      10.6      2.08
     94/99     9.27G      6.09      11.2     0.614      17.9         0      17.7       656       128     0.155      0.22    0.0846     0.179      6.55      10.6      2.12
     95/99     9.27G      6.09      11.4       0.6      18.1         0      17.4       587       128     0.156     0.217    0.0804     0.178      6.55      10.7      2.11
     96/99     9.27G      6.09      11.4     0.622      18.1         0      18.5       715       128     0.155     0.214    0.0795     0.177      6.57      10.8      2.13
     97/99     9.27G      6.12      11.3     0.617      18.1         0      17.6       611       128     0.156     0.224    0.0841     0.181      6.55      10.6      2.19
     98/99     9.27G      6.08      11.4      0.59        18         0      17.9       700       128     0.154     0.224    0.0847     0.179      6.54      10.6      2.16
     99/99     9.27G      6.11      11.4     0.602      18.1         0      17.3       616       128     0.156     0.216    0.0799     0.178      6.55      10.7      2.19
      0/49     9.26G      6.34      8.54      1.22      16.1         0      16.7       147       256     0.195     0.495     0.167     0.279      6.34      8.16       1.5
      1/49     9.27G      6.21       7.3     0.965      14.5         0      13.7       141       256     0.212     0.517     0.189       0.3      6.32      7.85      1.39
      2/49     9.27G      6.16      6.93     0.914        14         0      12.9       110       256     0.214     0.501     0.192       0.3      6.37      7.68      1.47
      3/49     9.27G      6.21      6.78     0.949      13.9         0      16.1       136       256     0.207      0.51      0.19     0.294      6.07      7.06      1.34
      4/49     9.27G      5.89      6.38     0.908      13.2         0      12.1        79       256     0.241     0.497     0.189     0.325      6.04      7.56      1.27
      5/49     9.27G       5.9      6.28     0.859        13         0      13.2       170       256     0.237     0.519     0.201     0.325      6.04      7.06      1.29
      6/49     9.27G      5.78         6     0.854      12.6         0      13.6       125       256     0.218     0.493     0.187     0.302      5.92      6.51      1.44
      7/49     9.27G      5.76      5.67     0.785      12.2         0      13.5       149       256     0.236     0.495     0.194     0.319      5.96      6.29      1.41
      8/49     9.27G      5.73      5.43     0.777      11.9         0      11.3       116       256     0.244     0.489     0.205     0.325       5.9      6.01      1.39
      9/49     9.27G      5.69      5.19     0.763      11.6         0      12.2       116       256     0.249     0.503     0.212     0.333       5.9      5.59      1.48
     10/49     9.27G      5.66      4.83     0.692      11.2         0      9.84        88       256     0.267     0.479     0.219     0.342      5.88      5.65      1.42
     11/49     9.27G      5.63      4.87     0.717      11.2         0      11.3       117       256     0.252     0.477     0.202     0.329      5.84      5.51       1.4
     12/49     9.27G      5.61      4.79     0.685      11.1         0      11.3       110       256     0.256     0.493     0.209     0.336      5.84      5.69      1.53
     13/49     9.27G      5.58      4.79     0.652        11         0        12       135       256     0.258       0.5     0.203      0.34      5.88      5.54      1.43
     14/49     9.27G      5.09      4.98     0.696      10.8         0      10.8       128       256     0.255     0.475     0.193     0.331      4.47      5.79      1.46
     15/49     9.27G      4.05      4.91     0.712      9.67         0      9.44       129       256     0.255     0.473     0.202     0.332         4      5.88      1.56
     16/49     9.27G      3.68      4.91      0.68      9.27         0        10       125       256     0.253     0.504     0.214     0.337      3.83      5.75      1.35
     17/49     9.27G      3.43       4.9     0.669         9         0        10       147       256     0.255     0.496     0.203     0.336      3.65      5.78      1.38
     18/49     9.27G      3.27      4.84     0.622      8.74         0      6.94        87       256     0.249     0.489     0.206     0.329      3.52      5.76      1.59
     19/49     9.27G      3.22      4.84     0.594      8.66         0      8.99       112       256     0.273     0.487     0.221     0.349      3.56      6.14      1.53
     20/49     9.27G      3.15      4.82     0.596      8.57         0      9.27       157       256     0.263     0.477      0.21     0.338      3.56      6.02      1.53
     21/49     9.27G      3.09      4.71     0.546      8.35         0      8.68       130       256     0.263       0.5     0.217     0.343      3.56      5.96      1.54
     22/49     9.27G       3.1      4.79     0.519      8.41         0      7.84        93       256     0.254     0.498     0.209     0.336       3.5      5.83      1.61
     23/49     9.27G      3.06      4.77     0.527      8.36         0      8.91       122       256     0.256      0.47     0.199     0.331      3.51      6.04      1.62
     24/49     9.27G      3.02      4.76     0.505      8.28         0      8.01       117       256     0.255     0.481     0.209     0.333      3.48      5.97      1.55
     25/49     9.27G      3.02      4.71     0.506      8.23         0      8.39       120       256     0.262     0.463     0.197     0.334      3.47      6.05       1.7
     26/49     9.27G      2.96      4.57     0.505      8.03         0      8.01       115       256     0.248     0.464     0.196     0.321      3.49      6.02      1.62
     27/49     9.27G      2.93      4.64     0.499      8.06         0      7.77       101       256     0.248     0.468     0.203     0.323      3.46      6.14      1.57
     28/49     9.27G      2.91      4.62      0.48      8.01         0      6.33        81       256     0.245     0.483     0.209     0.325      3.43      5.92      1.56
     29/49     9.27G      2.89      4.61     0.459      7.96         0       8.4       126       256     0.238     0.511      0.22     0.322      3.38       5.9      1.66
     30/49     9.27G      2.85      4.66      0.43      7.95         0      8.93       126       256     0.259     0.467       0.2     0.333      3.45      6.38      1.54
     31/49     9.27G      2.83      4.62     0.444       7.9         0      7.69       112       256     0.229     0.482       0.2     0.307      3.42      6.09      1.76
     32/49     9.27G       2.8      4.56     0.431      7.79         0      7.92       120       256     0.231     0.471     0.198     0.307      3.41      6.21      1.76
     33/49     9.27G      2.81      4.55     0.421      7.78         0      7.57       119       256     0.223     0.469     0.208     0.301       3.4      6.15      1.73
     34/49     9.27G      2.78      4.54     0.405      7.72         0       7.4       119       256     0.223     0.474     0.205       0.3      3.38      6.24       1.7
     35/49     9.27G      2.74      4.47     0.394       7.6         0      7.86       122       256     0.224      0.47     0.194     0.301      3.38      6.01      1.71
     36/49     9.27G      2.74      4.57     0.396      7.71         0      7.56       126       256     0.214     0.471       0.2      0.29      3.35      6.04      1.83
     37/49     9.27G      2.68      4.38     0.384      7.44         0      8.14       157       256     0.224     0.482     0.204     0.303      3.35      6.21      1.86
     38/49     9.27G      2.67      4.45     0.373      7.49         0      7.69       126       256     0.206      0.47     0.195     0.283      3.38      6.22      1.92
     39/49     9.27G      2.65      4.37     0.368      7.39         0      6.81       109       256     0.225     0.483     0.204     0.304      3.39      6.15      1.88
     40/49     9.27G      2.64      4.33      0.36      7.33         0      7.42       116       256     0.217     0.477     0.207     0.295      3.37      6.06      1.86
     41/49     9.27G      2.65      4.39     0.358       7.4         0      7.92       139       256     0.217      0.47       0.2     0.295      3.38      6.14      1.88
     42/49     9.27G      2.61      4.36     0.345      7.31         0      7.44       123       256     0.215     0.474     0.197     0.293      3.38      6.29      1.92
     43/49     9.27G      2.63      4.39     0.358      7.38         0      7.55       108       256     0.208     0.471     0.196     0.286      3.37      6.17      1.93
     44/49     9.27G       2.6      4.38     0.336      7.32         0      6.95       109       256     0.212     0.472     0.201      0.29      3.37      6.27      1.92
     45/49     9.27G      2.57      4.38     0.348      7.29         0       6.2        82       256     0.215     0.467       0.2     0.292      3.38      6.27      1.88
     46/49     9.27G      2.56      4.31      0.34      7.21         0      7.53       124       256     0.215     0.472     0.204     0.292      3.38      6.33       1.9
     47/49     9.27G      2.54      4.31     0.332      7.18         0      7.91       137       256     0.212      0.47     0.198     0.289      3.36      6.27       1.9
     48/49     9.27G      2.55      4.42     0.333      7.31         0      8.07       123       256     0.205     0.475     0.204     0.283      3.36      6.23      1.95
     49/49     9.27G      2.57      4.31     0.331      7.22         0      6.75       123       256     0.212     0.471     0.207      0.29      3.35      6.28      1.97
      0/19     13.5G      3.14      2.52      0.72      6.38         0      9.74        19       448      0.17     0.644     0.246     0.265      3.33      2.64      1.23
      1/19     13.5G      3.15      2.31     0.632      6.09         0      10.3        44       448     0.199     0.624     0.272     0.296       3.5      2.53       1.2
      2/19     13.5G      3.22      2.15     0.657      6.02         0      6.95        17       448     0.294     0.617     0.297     0.397      3.73      2.42      1.17
      3/19     13.5G      3.26      2.09     0.644      5.99         0      4.14         4       448     0.223     0.591     0.251     0.321      3.58      2.24      1.14
      4/19     13.5G      3.14      1.88     0.596      5.62         0      5.49        11       448     0.296     0.618     0.305       0.4      3.41      2.12      1.12
      5/19     13.5G      3.06      1.82     0.517      5.39         0      6.47        24       448     0.278     0.626     0.277     0.384      3.34      1.93      1.22
      6/19     13.5G      2.98      1.74     0.535      5.26         0      4.01         8       448      0.26     0.609     0.281     0.363      3.32      1.92       1.2
      7/19     13.5G      2.92      1.72     0.465       5.1         0      4.39        17       448     0.233     0.614     0.277     0.329      3.29      1.97      1.24
      8/19     13.5G      2.85      1.71     0.429      4.99         0      4.01        10       448     0.225     0.625     0.293     0.326      3.24      1.99      1.26
      9/19     13.5G      2.83      1.73     0.418      4.98         0      7.89        21       448     0.242     0.616     0.283     0.345      3.21      1.95      1.26
     10/19     13.5G      2.74      1.62     0.363      4.72         0      4.27         4       448     0.248     0.599     0.278     0.348      3.19      1.99      1.25
     11/19     13.5G      2.73      1.63     0.369      4.73         0      3.78         9       448     0.247     0.615     0.297     0.349      3.16      1.99      1.25
     12/19     13.5G      2.66      1.62     0.359      4.63         0      4.29        16       448      0.24     0.612     0.287     0.341      3.19      2.03      1.33
     13/19     13.5G      2.61      1.59     0.325      4.53         0      6.02        25       448     0.231     0.617     0.287     0.333      3.18      2.04      1.34
     14/19     13.5G      2.55      1.61     0.311      4.48         0      5.76         9       448     0.222     0.603     0.273      0.32      3.12      2.03      1.38
     15/19     13.5G      2.54      1.59     0.294      4.42         0      4.81        14       448     0.233     0.614     0.289     0.333      3.11      2.02      1.37
       0/9     13.5G      2.47      1.82     0.276      4.57         0      5.29        19       448     0.194     0.625     0.254     0.293      3.22      2.88      1.38
       1/9     13.5G      2.53      1.72      0.26      4.51         0      6.47        44       448     0.213     0.605      0.27     0.313      3.33      2.78      1.34
       2/9     13.5G      2.59      1.64     0.262      4.49         0      4.31        17       448     0.238     0.587     0.268     0.336      3.59      2.75      1.27
       3/9     13.5G      2.66      1.66     0.281       4.6         0      2.28         4       448     0.217     0.618     0.274     0.317      3.39      2.47       1.3
       4/9     13.5G      2.56      1.56     0.277       4.4         0      4.02        11       448     0.229     0.607      0.29     0.328      3.37       2.3      1.32
       5/9     13.5G      2.48      1.55     0.234      4.26         0      4.98        24       448     0.232     0.593     0.274      0.33      3.33      2.07      1.41
       6/9     13.5G       2.4       1.5     0.242      4.15         0      5.28         8       448     0.213     0.598     0.263     0.308      3.29      2.12       1.4
       7/9     13.5G      2.34      1.49     0.203      4.03         0      3.75        17       448     0.224     0.604     0.265     0.322       3.2      2.12      1.43
       8/9     13.5G      2.28      1.47     0.189      3.94         0      3.19        10       448     0.222     0.605     0.283     0.321      3.17      2.13      1.46
       9/9     13.5G      2.26      1.49     0.192      3.95         0      5.03        21       448     0.218     0.604      0.27     0.315      3.17      2.15      1.47
       0/9     11.3G       2.5       1.4     0.271      4.17         0       3.8        41       512     0.208     0.615     0.252     0.309      3.23      2.12      1.29
       1/9     11.3G      2.63      1.38     0.312      4.32         0      3.22        23       512     0.203     0.613     0.269     0.299      3.35      1.97      1.29
       2/9     11.3G      2.77      1.36      0.39      4.52         0      5.46        47       512     0.183     0.614     0.256     0.277       3.5      1.89       1.3
       3/9     11.3G      2.87      1.39     0.418      4.68         0      4.26        41       512     0.258      0.59     0.272     0.356      3.31      1.78      1.25
       4/9     11.3G      2.75       1.3      0.39      4.44         0      4.18        39       512     0.254     0.605     0.308     0.356      3.33      1.59      1.28
       5/9     11.3G      2.62      1.24     0.331      4.19         0      3.97        35       512     0.234     0.605     0.307     0.332      3.22      1.49      1.29
       6/9     11.3G      2.55       1.2     0.308      4.05         0      2.95        31       512     0.225     0.585     0.275     0.322      3.18       1.5      1.26
       7/9     11.3G      2.45      1.17     0.252      3.86         0      4.68        52       512     0.225     0.599     0.292      0.32      3.18      1.52      1.32
       8/9     11.3G      2.35      1.18     0.232      3.77         0      3.58        61       512     0.229      0.61     0.287     0.329      3.14      1.51      1.36
       9/9     11.3G      2.34      1.18     0.239      3.76         0      3.42        20       512     0.218     0.594     0.294     0.314      3.14      1.51      1.33
