2400 3000
275 183
680 383
259 194
747 747
177 285
634 891
1280 1920
300 168
275 183
1890 3000
371 650
350 257
667 1000
303 650
681 1024
681 1024
338 602
501 892
530 1178
183 275
319 450
667 1000
680 383
183 275
257 196
350 350
569 800
242 208
408 612
316 448
350 466
350 475
350 203
960 720
350 196
419 236
350 177
862 1149
350 173
350 230
350 213
350 233
350 475
408 612
337 650
1300 867
1300 866
417 626
150 231
1500 1120
173 280
495 1187
276 182
525 350
400 620
638 341
1300 865
183 275
293 172
299 168
305 165
300 168
852 480
350 233
1920 1261
396 594
417 626
275 183
220 185
275 183
500 387
533 800
552 980
1908 1146
520 780
266 189
1600 1063
1300 847
767 431
267 189
382 512
767 431
183 275
192 263
262 192
275 183
225 225
264 191
275 183
183 275
350 255
488 620
177 285
2048 1366
667 1000
446 595
205 245
365 650
634 1034
183 275
688 1086
275 183
540 360
299 168
187 270
684 1024
275 183
1500 1120
327 154
350 475
275 183
484 688
350 458
318 158
501 750
499 333
338 643
1000 1500
394 700
330 512
464 620
565 1200
225 225
350 525
500 334
499 333
500 334
500 333
1024 683
309 163
400 600
499 333
183 275
273 485
440 660
275 183
431 650
301 400
275 183
300 168
1100 1561
267 189
300 225
300 225
1600 1063
481 898
500 750
1600 1067
590 393
275 183
500 650
350 622
415 700
350 475
417 626
350 446
275 183
350 475
682 1024
501 750
683 1024
533 800
183 275
620 413
853 480
417 626
499 333
284 177
550 900
487 650
275 183
446 595
516 750
275 183
2400 3600
225 225
194 259
201 251
225 225
227 222
282 179
201 251
225 225
205 246
178 284
183 275
225 225
310 162
240 210
247 204
225 225
225 225
310 162
266 190
243 207
280 180
284 177
318 159
277 182
242 208
269 187
246 204
225 225
207 243
225 225
224 224
224 224
249 202
219 230
259 194
265 190
225 225
197 256
160 314
275 183
353 143
240 210
187 270
258 195
225 225
295 171
310 163
267 189
225 225
275 183
311 162
275 183
281 180
318 159
299 168
274 184
335 150
295 171
299 168
275 183
270 187
225 225
275 183
275 183
297 170
275 183
311 162
275 183
275 183
348 145
273 184
264 191
275 183
277 182
275 183
274 184
281 180
251 201
299 168
339 149
323 156
284 177
294 171
280 180
600 450
275 183
600 900
427 640
275 183
405 540
300 168
300 400
300 400
300 400
275 183
736 490
500 780
275 183
180 280
290 174
667 1000
275 183
275 183
334 500
2000 2996
225 225
300 168
187 270
800 543
1280 1574
291 173
224 225
166 304
275 183
275 183
275 183
259 194
612 408
866 1390
866 1390
866 1390
275 183
739 415
318 159
739 415
600 422
259 194
264 191
275 183
460 259
310 162
259 194
275 183
679 452
677 453
740 414
350 508
275 183
739 415
692 443
275 183
275 183
288 175
275 183
324 155
151 333
275 183
275 183
644 429
400 620
692 443
300 168
700 415
620 300
275 183
275 183
450 682
660 346
679 452
262 192
267 189
306 165
290 360
305 388
220 146
467 656
600 400
640 480
500 300
177 264
173 260
177 262
177 263
418 645
183 275
600 454
483 446
279 768
314 571
959 320
275 183
678 452
175 183
304 422
174 183
731 361
437 650
640 480
177 265
422 645
177 263
170 262
173 257
389 258
400 591
389 254
657 418
264 174
224 224
678 452
152 331
151 334
626 417
678 453
480 640
267 189
678 452
678 452
275 273
652 450
739 415
738 415
266 190
236 314
179 281
227 222
600 450
1024 768
259 535
216 663
275 183
275 183
408 612
408 612
612 408
612 408
612 408
612 408
612 408
626 417
1300 956
612 408
612 408
612 350
612 408
400 400
400 400
400 400
400 400
400 400
400 400
400 400
400 400
400 400
400 400
400 400
400 400
400 400
400 400
400 400
400 400
400 400
400 400
400 400
400 400
400 400
400 400
400 400
400 400
400 400
400 400
400 400
400 400
400 400
400 400
400 400
400 400
400 400
400 400
400 400
400 400
400 400
400 400
400 400
400 400
400 400
400 400
400 400
400 400
400 400
400 400
400 400
400 400
400 400
400 400
400 400
400 400
400 400
400 400
400 400
400 400
400 400
400 400
400 400
400 400
400 400
400 400
400 400
400 400
400 400
400 400
400 400
400 400
400 400
400 400
400 400
400 400
400 400
400 400
400 400
612 407
612 408
612 408
612 459
612 408
800 533
1300 1248
612 408
612 408
300 357
1000 1000
300 300
300 470
310 163
275 183
275 183
800 800
275 183
1000 667
750 422
800 802
300 300
231 218
193 262
259 194
275 183
1400 800
262 193
212 238
275 183
612 408
276 183
700 415
246 205
300 168
183 275
275 183
299 168
344 147
194 259
290 174
183 275
270 186
265 190
275 183
258 195
265 190
177 285
189 266
155 325
286 176
183 275
225 225
299 168
177 285
271 186
300 168
205 246
257 196
267 189
225 225
206 245
176 286
194 259
190 266
318 159
177 285
183 275
300 168
262 192
225 225
290 174
177 284
259 194
212 238
183 275
173 280
180 281
275 183
210 240
262 192
195 258
275 183
225 225
262 192
259 194
284 177
292 173
275 183
234 215
266 189
259 194
183 275
225 225
177 285
183 275
255 198
194 259
275 183
299 168
259 194
275 183
225 225
292 173
275 183
225 225
177 285
275 183
218 231
187 269
262 192
248 203
299 168
259 194
225 225
202 249
275 183
1000 625
275 183
292 173
349 144
225 225
177 285
275 183
177 285
225 225
183 275
205 246
195 259
612 408
3475 2312
275 183
183 275
300 168
2000 1000
500 375
275 183
272 185
259 194
271 186
800 533
388 268
259 194
194 260
191 263
250 169
299 168
275 183
970 823
612 408
612 408
500 500
500 500
500 500
500 500
500 500
500 500
650 435
275 183
286 176
263 192
299 168
322 156
277 182
275 183
275 183
275 183
299 168
273 184
271 186
332 152
275 183
275 183
274 184
259 194
262 193
275 183
318 159
279 181
275 183
299 169
275 183
275 183
264 191
300 168
600 412
256 197
299 168
274 184
262 193
294 171
272 185
275 183
275 183
265 190
275 183
256 197
275 183
300 168
275 183
262 192
262 192
275 183
275 183
275 183
268 188
318 159
275 183
262 192
292 172
275 183
300 168
275 183
275 183
183 275
318 159
274 184
275 183
276 183
280 180
254 198
275 183
183 275
275 183
178 283
263 192
275 183
254 199
177 285
183 275
265 190
299 168
259 194
262 192
262 192
262 192
193 262
173 280
1480 2220
187 269
183 275
177 285
193 262
166 303
275 183
194 259
274 184
267 189
269 187
275 183
267 189
262 192
275 183
275 183
259 194
763 509
499 333
311 162
295 171
754 503
626 417
1600 1067
311 162
612 408
612 408
1049 698
612 408
612 408
612 408
612 417
3497 2564
612 410
612 408
612 408
612 408
1382 922
750 500
612 408
612 408
612 408
612 408
612 410
612 408
800 533
612 408
612 344
612 408
612 408
612 408
612 315
612 315
408 612
612 408
612 408
612 408
612 408
612 408
745 419
700 545
700 408
250 188
612 408
612 408
612 408
612 408
197 256
1200 800
1200 800
600 450
240 210
1063 1600
291 173
342 147
183 275
259 194
276 183
1600 1168
334 734
750 455
300 198
275 183
312 162
800 519
1000 791
618 318
400 200
620 413
750 500
1000 562
1024 682
817 545
1024 683
640 426
600 405
600 434
500 747
1000 732
500 667
1200 630
750 497
1000 561
1024 576
1200 675
450 722
862 575
780 520
273 606
1000 667
1000 735
1024 683
800 462
780 520
319 413
760 500
318 376
550 734
1000 563
270 187
500 674
353 470
900 450
660 339
600 400
262 192
275 183
750 750
500 500
953 344
291 173
301 167
700 466
500 751
600 600
275 183
1024 682
275 184
275 183
900 450
300 180
300 168
275 183
450 723
800 345
800 758
510 774
1000 667
600 749
800 600
1000 735
612 408
612 408
612 328
2630 3945
262 192
275 183
272 185
262 192
275 183
300 168
276 183
277 182
275 183
300 168
275 183
329 153
247 204
277 182
300 168
275 183
277 182
301 167
298 169
190 265
424 119
268 188
258 195
177 285
289 174
281 180
265 190
290 174
183 275
245 206
275 183
300 168
300 168
275 183
482 104
270 187
275 183
265 190
275 183
275 183
275 183
259 194
275 183
275 183
262 192
259 194
262 192
225 225
275 184
225 225
275 183
259 194
275 183
266 189
275 183
259 194
207 243
193 262
301 167
290 173
265 190
319 158
259 194
183 275
225 225
275 183
194 259
297 170
264 191
1024 576
1024 638
1024 683
1024 684
276 183
1024 683
900 600
1024 683
1024 683
324 155
300 168
183 275
259 194
360 240
360 240
225 225
360 240
407 240
400 240
275 183
179 281
262 192
183 275
275 183
259 194
275 183
259 194
275 183
183 275
183 275
275 183
266 189
1024 683
262 192
183 275
313 161
262 192
309 163
194 260
183 275
1000 1499
1200 900
612 399
410 612
2000 1125
408 612
612 408
612 408
612 459
612 408
1600 1156
1120 747
577 940
268 188
275 183
1024 682
276 183
858 1287
275 183
650 434
277 182
300 168
696 392
612 315
612 408
612 408
612 408
612 408
612 408
1600 1067
1200 800
700 415
450 300
772 440
750 430
780 405
1037 691
620 300
750 750
750 499
480 319
512 341
655 450
428 206
1200 900
800 300
1000 600
1908 1146
1200 675
350 232
1024 607
732 1263
417 750
866 1300
1035 690
1200 1600
649 1023
532 800
1024 683
1600 900
1400 774
1440 1080
594 470
1500 1138
703 441
1800 1800
496 314
306 699
650 650
960 638
800 534
640 360
1300 956
347 436
870 575
757 701
468 510
964 867
470 423
2731 1848
680 370
1200 800
459 542
2400 3600
433 650
444 612
2400 1600
1300 1063
416 416
416 416
416 416
416 416
416 416
416 416
416 416
416 416
416 416
416 416
416 416
416 416
416 416
416 416
416 416
416 416
416 416
416 416
416 416
416 416
416 416
416 416
416 416
416 416
416 416
416 416
416 416
416 416
416 416
416 416
416 416
416 416
416 416
416 416
416 416
416 416
416 416
416 416
416 416
416 416
416 416
416 416
416 416
416 416
416 416
416 416
416 416
416 416
416 416
416 416
416 416
416 416
416 416
416 416
416 416
416 416
416 416
416 416
416 416
416 416
416 416
416 416
416 416
416 416
416 416
416 416
416 416
416 416
416 416
416 416
416 416
416 416
416 416
416 416
416 416
416 416
416 416
416 416
416 416
416 416
416 416
416 416
416 416
416 416
416 416
416 416
416 416
416 416
416 416
416 416
416 416
416 416
416 416
416 416
416 416
416 416
416 416
416 416
416 416
416 416
416 416
416 416
416 416
416 416
416 416
416 416
416 416
416 416
416 416
416 416
416 416
416 416
416 416
416 416
416 416
416 416
416 416
416 416
612 408
1300 956
859 1024
1300 1067
500 500
500 500
500 500
1000 625
612 408
900 600
900 600
900 600
900 600
900 600
900 600
900 600
900 600
900 600
900 600
900 600
900 600
900 600
900 600
900 600
900 600
900 600
900 600
900 600
900 600
900 600
900 600
900 600
900 600
900 600
900 600
900 600
900 600
900 600
900 600
900 600
900 600
900 600
900 600
900 600
900 600
900 600
900 600
900 600
900 600
900 600
900 600
900 600
900 600
900 600
900 600
900 600
900 600
900 600
900 600
900 600
900 600
900 600
900 600
900 600
900 600
900 600
900 600
900 600
900 600
900 600
900 600
900 600
900 600
900 600
900 600
900 600
900 600
900 600
900 600
900 600
900 600
900 600
900 600
900 600
900 600
900 600
900 600
900 600
900 600
900 600
900 600
900 600
900 600
900 600
900 600
900 600
900 600
900 600
900 600
900 600
900 600
900 600
900 600
900 600
900 600
900 600
900 600
900 600
900 600
900 600
900 600
900 600
900 600
900 600
900 600
900 600
900 600
900 600
900 600
900 600
900 600
900 600
900 600
900 600
900 600
900 600
900 600
900 600
900 600
900 600
900 600
900 600
900 600
900 600
900 600
900 600
900 600
900 600
900 600
900 600
900 600
900 600
900 600
900 600
900 600
900 600
900 600
900 600
900 600
900 600
900 600
900 600
900 600
900 600
900 600
900 600
900 600
900 600
900 600
900 600
900 600
900 600
900 600
900 600
900 600
900 600
900 600
900 600
900 600
900 600
900 600
900 600
900 600
900 600
900 600
900 600
900 600
900 600
900 600
900 600
900 600
900 600
900 600
900 600
900 600
900 600
900 600
900 600
900 600
900 600
900 600
900 600
900 600
900 600
900 600
900 600
900 600
900 600
900 600
900 600
900 600
900 600
900 600
900 600
900 600
612 408
612 408
612 375
452 612
500 500
500 500
500 500
500 500
500 500
500 500
500 500
500 500
500 500
500 500
500 500
500 500
2938 1654
500 500
500 500
500 500
500 500
500 500
500 500
500 500
500 500
500 500
500 500
500 500
500 500
500 500
500 500
500 500
500 500
500 500
500 500
500 500
500 500
500 500
500 500
500 500
500 500
500 500
500 500
500 500
500 500
500 500
500 500
500 500
500 500
500 500
500 500
500 500
500 500
500 500
500 500
500 500
500 500
500 500
500 500
500 500
500 500
500 500
500 500
500 500
500 500
500 500
500 500
500 500
500 500
500 500
500 500
500 500
500 500
500 500
500 500
500 500
500 500
500 500
500 500
500 500
500 500
500 500
500 500
500 500
500 500
500 500
500 500
500 500
500 500
500 500
500 500
500 500
500 500
500 500
500 500
500 500
500 500
500 500
1280 719
852 480
450 420
1600 1200
724 447
1200 900
600 457
618 400
682 1024
1300 998
1600 1266
1300 863
1300 867
867 1300
1300 867
1300 1238
770 513
750 360
1024 768
333 517
317 470
866 1392
3000 1922
1300 953
1300 1129
957 1300
500 500
250 188
450 320
1200 800
1023 681
1023 792
682 1023
682 1023
1067 1700
800 521
800 521
339 283
1024 768
800 533
483 800
533 800
533 800
533 800
513 800
530 329
864 1390
864 1390
236 367
600 446
750 455
400 300
371 367
560 396
1280 720
333 517
281 344
850 460
460 287
4200 2800
638 479
425 282
1300 957
576 384
797 514
685 295
648 648
863 1390
1300 956
626 417
767 510
1300 956
700 494
600 473
4128 2752
1500 1098
683 1024
1300 1224
1300 957
400 268
355 512
800 533
533 800
533 800
533 800
533 800
533 800
300 300
275 183
262 192
183 275
276 183
225 225
225 225
275 183
251 201
225 225
275 183
225 225
194 259
199 253
275 183
194 259
179 281
225 225
202 249
225 225
270 187
300 168
275 183
262 192
274 184
225 225
284 177
183 276
217 232
246 205
240 210
264 191
225 225
200 253
275 183
225 225
282 179
206 245
294 171
160 160
179 281
225 225
284 177
201 251
177 285
287 175
181 279
225 225
224 225
298 169
225 225
301 168
177 285
255 198
275 183
229 220
263 192
183 275
237 213
199 253
167 302
183 275
255 198
299 168
300 168
259 194
275 183
259 194
287 175
183 275
225 225
275 183
275 183
225 225
225 225
286 176
275 183
275 183
262 193
264 191
275 183
273 185
276 182
299 169
259 195
275 184
271 186
339 149
266 189
300 168
275 183
275 183
274 184
275 183
275 183
184 275
259 194
292 173
275 183
198 255
275 183
297 170
275 183
287 176
275 183
259 194
275 183
300 168
265 190
300 168
266 189
275 183
300 168
189 267
275 183
225 225
298 169
259 195
266 189
329 153
275 183
316 159
270 187
291 173
275 183
275 183
300 168
259 194
275 183
297 170
318 159
275 183
259 194
275 183
280 180
188 268
264 191
276 183
275 183
281 179
265 190
620 300
512 368
600 424
660 439
500 333
300 470
383 131
800 450
262 192
920 698
499 345
500 341
324 155
220 165
233 216
203 248
450 320
460 300
900 400
804 536
976 549
767 510
512 269
349 499
1200 800
300 170
1000 617
275 183
299 168
910 607
252 200
1000 667
602 402
602 401
602 402
259 194
220 146
446 300
634 346
138 364
900 600
450 320
1000 667
1024 682
299 168
271 186
960 600
230 149
325 155
305 165
800 533
933 700
1280 640
388 268
600 399
1023 685
1000 665
900 600
403 700
866 552
335 500
700 418
906 700
284 420
626 417
700 700
1050 700
200 418
456 256
640 360
626 417
1126 700
800 532
1050 700
700 700
1121 608
1051 700
415 700
500 667
525 700
468 700
525 700
420 700
800 533
525 700
236 370
1166 656
880 587
965 463
550 367
768 492
1050 700
1050 700
700 415
840 560
1024 683
767 431
960 640
976 649
435 265
617 410
933 700
993 700
1000 626
469 700
382 246
800 533
444 251
469 700
900 550
1046 700
952 700
1050 700
1244 700
1080 430
465 700
635 380
825 505
1086 688
1200 675
630 420
700 700
466 700
933 700
900 549
600 400
450 292
700 400
531 700
466 700
466 700
496 700
397 512
901 700
455 700
467 700
467 700
212 238
768 635
700 700
1050 700
900 600
410 231
960 643
933 700
284 177
980 653
900 568
899 600
900 600
899 600
900 377
404 600
715 600
815 600
716 600
900 600
900 600
900 506
900 600
900 506
900 507
900 600
900 600
900 600
900 600
900 600
900 600
900 600
900 600
397 600
397 600
397 600
397 600
397 600
900 600
400 600
400 600
400 600
900 600
400 600
400 600
375 600
719 600
900 579
600 600
600 600
900 600
900 506
900 600
898 600
450 600
900 600
900 598
900 599
900 470
899 600
900 600
800 600
900 450
855 600
900 599
900 600
400 600
400 600
383 600
900 599
865 600
430 600
400 600
799 600
442 600
817 600
900 599
674 600
373 600
383 600
520 600
430 600
900 600
383 600
400 600
816 600
375 600
383 600
400 600
442 600
399 600
900 599
900 600
900 600
815 600
899 600
900 599
900 506
900 450
900 600
800 600
898 600
900 566
900 571
889 600
898 600
800 600
800 600
900 540
684 600
900 600
888 600
822 600
600 600
900 586
900 506
771 600
900 599
900 600
900 600
900 506
900 600
900 600
794 600
816 600
899 600
750 600
900 600
900 538
886 600
900 599
773 600
900 504
900 577
900 600
1000 1500
800 990
299 168
259 194
183 275
180 280
225 225
340 148
224 225
180 280
1300 956
275 183
297 169
300 168
186 271
300 255
225 225
183 275
626 939
275 183
275 183
275 183
1300 866
275 183
275 183
265 190
340 148
300 168
183 275
187 270
201 251
184 274
246 205
1200 600
225 225
267 189
291 173
264 191
275 183
259 194
400 400
275 183
750 750
866 1300
1234 1689
275 183
170 238
225 225
300 168
246 204
220 144
1600 1167
177 285
242 208
275 183
275 183
300 168
187 269
275 183
300 168
266 189
267 189
280 180
183 275
500 334
276 183
750 500
286 176
275 183
275 183
450 255
251 201
225 225
183 275
900 600
275 183
263 192
275 183
275 183
275 183
100 100
264 191
173 292
1300 956
275 183
600 600
183 275
293 172
275 183
275 183
284 177
265 190
253 199
540 635
225 225
262 192
1200 795
262 192
340 148
275 183
275 183
285 177
275 183
276 183
482 104
225 225
247 204
262 192
273 184
183 275
183 275
1300 1041
138 365
1024 683
259 194
275 183
299 168
264 191
319 158
275 183
1152 250
183 275
284 177
190 266
290 174
1300 956
276 183
225 225
1300 956
194 259
1300 863
183 275
450 320
275 183
272 185
189 267
275 183
626 417
305 165
275 183
264 191
284 177
1500 1121
179 282
191 263
275 183
284 177
262 192
275 183
1600 1155
1024 730
327 154
225 225
720 494
284 177
225 225
300 168
225 225
275 183
275 183
270 186
800 445
187 269
416 277
416 234
416 245
416 234
416 257
416 624
416 277
416 234
416 277
416 277
416 277
416 234
416 277
416 234
416 169
416 278
416 292
416 314
416 233
416 235
416 277
416 277
416 416
416 277
416 222
416 271
416 234
416 273
416 277
416 304
416 234
416 277
416 277
416 267
416 499
416 416
416 555
416 276
416 233
416 239
416 238
416 233
416 294
416 247
416 233
416 234
416 153
416 277
416 277
416 282
416 278
416 264
416 234
416 220
416 277
416 208
416 276
416 200
416 234
416 277
416 234
416 300
416 277
416 277
416 222
416 209
416 416
416 312
416 367
416 287
416 234
416 201
416 277
416 277
416 234
416 234
416 312
416 256
416 199
416 278
416 260
416 234
416 234
416 556
416 647
416 257
416 278
416 277
416 282
416 277
416 412
416 277
416 617
416 312
416 234
416 210
416 509
416 277
416 299
416 277
416 277
416 269
416 277
416 344
416 328
416 277
612 401
612 408
201 251
275 183
197 256
400 400
635 483
400 400
700 700
400 400
272 348
225 225
248 203
590 332
268 188
660 439
400 400
400 400
984 659
962 667
440 550
754 425
400 400
400 400
840 472
400 400
400 400
620 348
900 600
275 183
400 400
400 400
460 259
550 400
275 183
300 168
1280 720
875 583
400 400
275 183
380 253
400 400
400 400
300 168
760 428
400 400
400 400
480 480
251 201
960 1200
670 446
400 400
598 398
768 432
300 168
275 183
274 184
275 183
311 162
248 203
400 400
275 183
400 400
440 284
1024 680
275 183
183 275
634 385
640 480
194 259
275 183
480 640
275 183
400 400
400 400
400 400
570 460
299 168
571 800
400 400
400 400
400 400
612 408
336 150
400 400
400 400
800 648
282 179
300 214
183 275
450 600
750 500
340 337
400 400
400 400
400 400
400 400
997 561
640 427
400 400
1136 852
400 400
600 600
400 400
650 434
720 450
400 400
600 400
400 400
400 400
426 479
155 324
275 183
287 175
224 224
236 510
635 300
323 213
964 628
512 310
610 406
225 225
612 407
281 344
612 408
612 408
612 612
612 459
612 350
612 408
220 147
306 165
626 417
247 204
200 200
400 300
255 198
187 269
1024 683
259 194
178 283
298 169
178 283
262 193
259 194
266 189
183 275
275 183
300 168
275 183
275 183
276 183
292 173
261 193
479 359
262 192
312 162
275 183
275 183
500 500
300 168
151 280
290 174
285 177
290 174
275 183
1820 1211
495 400
270 187
300 168
270 270
275 183
275 183
269 188
1600 1150
319 158
310 163
500 296
304 166
942 1280
275 183
276 183
266 189
300 168
178 283
290 174
180 280
1200 749
275 183
183 275
300 168
590 393
349 145
200 200
259 194
197 256
300 168
298 169
275 183
275 183
275 183
275 183
264 191
275 183
266 190
634 477
306 165
275 183
183 275
291 173
300 168
275 183
275 183
275 183
1023 681
178 283
800 530
265 190
248 203
414 122
275 183
650 429
1280 853
244 207
262 193
1200 1200
259 194
500 333
182 277
291 173
275 183
275 183
177 285
290 174
300 168
310 163
275 183
1280 853
275 183
264 191
178 283
236 193
275 183
2592 3872
187 269
275 183
194 259
512 384
275 183
278 181
264 191
310 163
331 152
1280 853
323 156
259 194
275 183
301 167
266 190
275 183
264 191
800 530
323 156
292 173
275 183
180 280
264 191
275 183
1280 720
270 186
259 194
203 248
265 190
331 152
259 194
275 183
262 192
248 203
221 228
311 162
2592 3872
292 173
275 183
266 190
265 190
300 168
183 275
1030 686
311 162
265 190
364 138
194 259
151 280
262 192
262 193
177 285
300 168
300 168
275 183
273 184
275 183
290 174
275 183
309 163
278 181
265 190
300 168
620 300
275 184
275 183
264 191
259 194
202 250
225 225
275 183
275 183
301 167
1280 1179
275 183
319 158
271 186
626 417
1300 866
1280 924
276 183
275 183
323 156
275 183
262 193
266 190
500 750
942 1280
1024 683
266 190
285 177
500 333
275 183
275 183
259 194
178 283
275 183
259 194
1280 960
400 300
512 341
262 192
299 168
259 194
262 192
244 207
275 183
284 178
275 183
275 183
290 174
292 173
800 533
264 191
480 270
299 168
275 183
275 183
203 248
273 184
324 155
182 277
500 750
300 168
259 194
275 183
275 183
264 191
194 259
266 190
275 184
270 187
261 193
300 168
268 188
269 188
276 183
262 192
202 250
327 154
270 186
276 183
264 191
612 408
612 433
612 409
408 612
612 454
408 612
866 1390
612 408
612 408
612 408
612 408
612 408
612 408
612 408
612 408
612 408
612 408
612 408
626 417
612 447
612 408
408 612
612 408
612 408
612 420
5942 3961
275 183
318 159
474 316
373 248
474 314
612 408
3781 5671
2560 1440
474 266
1200 700
183 275
300 168
612 408
259 194
275 183
300 168
275 183
259 194
1140 641
265 190
300 168
259 194
323 156
275 183
257 196
279 181
612 408
612 408
612 408
612 408
612 408
612 408
612 408
1125 632
1299 700
1024 683
225 225
1024 683
270 186
259 194
495 221
281 180
299 168
275 183
262 192
1024 683
590 385
1024 683
1299 700
1299 700
900 600
1299 700
1299 700
1299 700
1299 700
1299 700
1299 700
910 480
1299 700
168 299
1299 700
1299 700
480 480
1299 700
600 600
1299 700
730 485
1299 700
626 469
288 175
862 485
1299 700
299 450
199 253
1299 700
180 280
177 285
177 285
1299 700
158 308
1299 700
1299 700
216 233
1299 700
225 225
480 480
1299 700
660 440
1299 700
281 180
299 168
275 183
183 275
281 180
860 360
1299 700
986 555
626 416
800 600
800 533
1299 700
1299 700
1299 700
1299 700
1299 700
800 450
225 225
275 183
183 275
275 183
262 192
300 168
225 225
800 533
275 183
300 168
324 155
300 168
275 183
318 159
300 168
286 176
269 187
246 205
275 183
276 183
225 225
312 161
265 190
277 182
350 144
333 151
275 183
225 225
259 194
275 183
290 174
205 246
1299 700
273 185
300 168
262 192
780 500
612 409
612 372
414 612
500 500
500 500
500 500
500 500
500 500
500 500
500 500
500 500
500 500
262 192
264 191
275 183
250 202
275 183
259 194
254 199
299 168
327 154
183 275
177 284
205 245
275 183
292 173
275 183
275 183
275 183
275 183
259 194
275 183
168 300
183 275
256 197
201 251
176 287
225 225
275 183
300 168
225 225
275 183
275 183
225 225
183 275
275 183
226 223
275 183
224 225
183 275
244 206
183 275
275 183
268 188
259 194
180 280
275 183
191 263
275 183
294 171
275 183
180 280
183 275
275 183
194 259
300 168
274 184
277 182
210 239
300 168
275 183
225 225
200 252
323 156
207 243
183 275
220 229
300 168
275 183
268 188
194 259
225 225
223 226
194 259
177 284
200 252
271 186
363 139
275 183
262 192
183 275
275 184
259 194
300 168
406 406
612 408
797 514
1200 1200
1024 683
532 355
1300 956
495 640
426 640
1200 900
355 512
700 466
355 512
1000 667
660 439
1000 722
1440 1076
1200 675
1170 500
640 446
940 529
558 780
600 400
1175 790
499 333
1300 956
1170 780
960 639
900 600
700 394
750 500
634 485
1229 821
509 340
840 560
940 788
696 446
1024 576
810 810
1300 957
626 417
626 417
900 450
1000 667
700 545
532 800
512 341
615 409
960 694
628 440
679 720
750 482
480 480
636 426
1200 800
540 540
634 871
871 871
640 797
994 559
1200 675
700 415
800 600
1100 619
1200 801
184 275
184 275
1024 683
960 760
424 283
768 432
1024 683
626 417
300 450
600 387
490 960
585 380
339 509
507 832
640 850
481 720
555 768
493 612
612 380
612 432
408 612
612 408
612 408
612 408
612 408
612 408
612 408
612 408
612 408
612 408
612 408
612 408
612 408
612 408
612 407
612 408
612 459
612 460
612 459
612 408
450 300
500 334
1024 690
820 547
626 417
626 417
626 417
626 417
626 417
626 417
626 417
616 411
626 417
626 417
1300 866
450 294
900 600
634 427
1024 880
480 576
580 386
1440 1076
626 417
780 450
974 1390
974 1390
450 511
500 334
512 330
626 417
626 417
1300 956
1908 1146
1000 610
670 447
1024 683
1200 630
236 510
500 334
580 386
612 408
800 532
260 194
259 194
290 174
299 168
300 168
343 147
854 449
540 360
626 417
626 417
275 183
838 629
980 400
590 332
664 480
719 480
626 417
1024 576
450 349
275 183
300 168
260 194
1000 667
275 183
275 183
300 168
480 480
324 155
720 480
1280 640
299 169
305 291
854 446
450 300
275 183
640 480
480 720
1200 749
284 177
275 183
298 297
1000 666
274 184
1200 722
650 420
719 480
476 316
640 480
720 480
1000 700
1300 865
584 627
284 177
1300 956
800 533
600 900
900 600
866 1390
648 324
854 427
268 188
340 148
275 183
612 344
612 408
720 480
576 480
286 176
612 408
612 344
500 500
612 408
720 480
275 183
700 418
340 148
275 183
303 166
312 162
450 336
286 176
1024 537
300 168
1920 960
1280 428
275 183
1080 825
300 450
226 300
480 480
780 330
275 183
720 480
318 159
496 320
262 192
287 175
307 164
281 180
262 192
264 191
275 183
720 480
266 189
264 191
854 480
327 154
275 183
335 223
275 183
721 480
260 194
480 770
595 446
698 480
413 411
612 408
612 409
612 408
612 408
612 408
1300 1014
966 1390
427 640
427 640
960 640
750 750
900 900
700 494
852 480
542 200
435 500
1500 1500
612 344
1600 899
640 433
386 602
392 575
620 300
301 470
600 900
300 216
750 782
800 1200
750 1000
534 800
612 408
300 220
566 800
600 900
1500 1125
565 848
800 571
612 344
350 441
509 700
1280 720
299 470
720 1280
600 428
1000 667
902 633
906 602
626 423
1280 720
300 300
448 449
446 306
569 900
773 925
600 900
1300 956
600 400
1809 1993
530 353
435 580
913 549
236 314
450 321
1234 1689
960 540
640 729
450 320
600 900
1322 1700
1600 1168
1300 866
1300 956
471 480
626 417
275 183
648 648
1600 1156
957 1300
361 361
800 533
719 720
800 800
1300 960
800 534
800 533
800 535
1300 865
500 500
1023 792
767 256
247 194
1300 867
1024 683
1200 630
1600 1067
626 417
700 415
540 721
626 417
1300 837
299 470
700 431
450 320
533 800
1600 1168
600 600
1001 1001
1000 667
450 320
265 190
975 1390
885 1200
866 1390
599 900
866 1390
1300 956
1300 956
1300 956
626 417
626 417
626 417
650 433
1500 1225
275 183
156 235
619 871
619 871
931 1207
931 1207
612 408
1300 860
1300 860
420 470
420 470
1600 1168
1600 1168
1859 811
1300 957
1300 957
885 1200
260 320
260 320
957 1300
1024 683
1200 1200
456 256
990 1500
300 470
1063 1075
800 800
236 510
473 798
600 900
599 900
323 827
236 236
379 867
1200 800
940 564
1000 1343
248 203
225 225
242 208
240 210
225 225
183 275
259 194
260 194
273 184
275 183
300 168
323 156
312 161
260 194
287 175
276 183
275 183
264 191
260 194
300 168
275 183
262 192
275 183
197 256
277 182
292 173
318 159
275 183
299 168
331 152
375 134
318 159
262 192
299 168
271 186
300 168
292 173
285 177
265 190
196 258
275 183
275 183
275 183
275 183
266 189
259 194
220 165
275 183
203 248
226 223
965 463
612 408
450 320
408 612
612 408
612 408
408 612
612 410
612 408
612 408
612 408
500 500
500 500
500 500
500 500
500 500
500 500
500 500
500 500
500 500
500 500
500 500
500 500
500 500
500 500
500 500
500 500
500 500
500 500
500 500
500 500
500 500
612 408
612 408
854 1206
410 612
612 408
612 408
612 408
612 408
608 612
612 344
612 361
612 408
612 304
612 408
612 408
612 408
612 408
612 408
612 408
612 408
612 408
612 408
612 344
409 612
612 408
612 408
612 408
612 408
602 909
910 607
252 200
602 402
602 401
220 146
900 600
1300 956
612 459
612 408
525 612
612 408
612 408
612 408
612 459
612 408
612 459
612 408
225 225
275 183
183 275
225 225
262 192
275 183
183 276
260 194
512 330
260 194
640 400
640 427
425 282
640 431
252 200
360 240
640 427
225 225
640 360
711 480
600 400
640 427
640 360
240 210
640 471
640 427
626 417
640 427
626 417
512 330
193 262
640 420
640 442
640 400
640 640
640 382
500 500
385 600
360 590
236 484
600 400
236 481
700 466
700 467
600 399
222 300
640 426
700 394
700 415
640 426
616 411
639 390
640 307
640 416
380 235
640 462
640 471
650 433
360 488
640 426
626 417
626 417
215 235
800 450
626 417
626 417
724 483
640 426
640 336
263 192
640 538
266 189
976 549
